1,-1,0,0,0,0,0,0,0:-0.7948717948717949
1,-1,1,-1,0,0,0,0,0:-0.6428571428571429
1,-1,1,-1,1,-1,0,0,0:-1.0
1,0,-1,0,0,0,0,0,0:-0.41441441441441434
1,1,-1,-1,0,0,0,0,0:-0.6315789473684211
1,1,-1,-1,1,-1,0,0,0:-0.6923076923076923
1,1,-1,-1,1,-1,1,-1,0:-1.0
1,0,0,-1,0,0,0,0,0:-0.6587301587301584
1,1,0,-1,-1,0,0,0,0:-0.8181818181818183
1,0,0,0,-1,0,0,0,0:-0.0318221447253706
1,1,-1,0,-1,0,0,0,0:0.11968503937007875
1,1,-1,1,-1,-1,0,0,0:-0.23076923076923073
1,0,0,0,0,-1,0,0,0:-0.5833333333333329
1,1,0,0,0,-1,0,-1,0:-1.0
-1,0,0,1,0,0,0,0,0:-0.12698412698412695
-1,1,0,1,0,-1,0,0,0:0.0
-1,1,1,1,-1,-1,0,0,0:0.0
-1,1,1,1,-1,-1,1,-1,0:0.0
1,1,0,0,-1,-1,0,0,0:-0.7142857142857141
1,0,0,0,0,0,-1,0,0:-0.4918032786885245
1,1,0,0,0,0,-1,0,-1:-1.0
-1,0,1,0,0,0,0,0,0:-0.5238095238095238
-1,1,1,-1,0,0,0,0,0:0.5
-1,1,1,-1,1,-1,0,0,0:-0.7142857142857143
-1,1,1,-1,1,-1,-1,0,1:1.0
-1,0,0,0,1,0,0,0,0:-0.2788590604026844
-1,1,-1,0,1,0,0,0,0:-0.957264957264957
-1,1,-1,1,1,-1,0,0,0:-0.6666666666666667
-1,1,-1,1,1,-1,1,-1,0:0.0
1,0,0,0,0,0,0,-1,0:-0.53125
1,1,-1,0,0,0,0,-1,0:-0.5714285714285714
1,1,-1,1,-1,0,0,-1,0:-0.8
1,1,-1,1,-1,1,0,-1,-1:-1.0
-1,0,0,0,0,1,0,0,0:-0.30275229357798156
-1,1,-1,0,0,1,0,0,0:-1.0
-1,1,-1,1,0,1,0,0,-1:-1.0
1,0,0,0,0,0,0,0,-1:-0.47846889952153115
1,1,-1,0,0,0,0,0,-1:0.5
1,1,-1,1,-1,0,0,0,-1:-0.5555555555555556
1,1,-1,1,-1,1,-1,0,-1:1.0
0,-1,0,0,0,1,0,0,0:-0.48648648648648646
1,-1,-1,0,0,1,0,0,0:-0.75
1,-1,-1,1,-1,1,0,0,0:-0.6666666666666666
-1,-1,0,0,0,1,1,0,0:-1.0
-1,-1,1,-1,0,1,1,0,0:-1.0
0,0,-1,0,0,1,0,0,0:-0.176470588235294
1,0,-1,-1,0,1,0,0,0:-0.12499999999999997
1,1,-1,-1,0,1,0,-1,0:0.0
1,1,-1,-1,-1,1,1,-1,0:0.0
-1,-1,1,1,0,0,0,0,0:-1.0
-1,-1,1,1,1,-1,0,0,0:-0.9152542372881353
1,-1,1,0,0,0,0,0,-1:0.0
1,-1,1,-1,1,0,0,0,-1:-0.8659574468085108
1,-1,1,-1,1,1,-1,0,-1:0.0
-1,-1,0,1,1,0,0,0,0:-0.7075471698113207
-1,-1,1,1,1,0,-1,0,0:-0.9411764705882352
1,1,-1,-1,-1,1,0,-1,1:0.0
1,-1,1,1,-1,0,0,0,-1:-0.6060606060606061
1,-1,1,1,-1,1,-1,0,-1:0.0
0,-1,0,0,1,0,0,0,0:-0.7774909654104281
1,-1,-1,0,1,0,0,0,0:-0.9493670886075949
1,-1,-1,-1,1,0,1,0,0:-0.7317073170731706
1,-1,-1,-1,1,1,1,-1,0:-1.0
0,0,0,0,1,0,0,0,-1:-0.2685292161187535
1,-1,0,0,1,0,0,0,-1:-0.7080200501253131
1,-1,1,0,1,0,0,-1,-1:-1.0
1,-1,1,1,1,-1,0,-1,-1:-1.0
1,0,-1,0,1,0,0,0,-1:-0.06554054054054055
1,-1,-1,0,1,1,0,0,-1:-0.925
1,-1,0,0,0,-1,1,0,0:-0.9333333333333332
1,-1,1,-1,0,-1,1,0,0:-0.7777777777777778
0,0,-1,0,1,0,0,0,0:-0.2704456945045439
1,0,-1,-1,1,0,0,0,0:-0.8300395256917004
1,1,-1,-1,1,0,-1,0,0:-1.0
1,1,-1,-1,1,1,-1,-1,0:-1.0
0,0,0,-1,1,0,0,0,0:-0.7527056277056273
-1,0,0,-1,1,0,0,0,1:-0.14583333333333334
-1,1,-1,-1,1,0,0,0,1:-0.8
-1,1,-1,-1,1,1,-1,0,1:1.0
1,-1,0,-1,1,0,0,0,0:-0.8860215053763435
1,-1,-1,-1,1,0,0,1,0:-1.0
1,-1,-1,-1,1,1,-1,1,0:-1.0
1,0,0,-1,1,0,0,0,-1:-0.7603238866396766
1,1,-1,-1,1,0,0,0,-1:-0.7881355932203389
1,1,-1,-1,1,1,-1,0,-1:-1.0
1,0,0,0,1,-1,0,0,-1:-0.577075098814229
1,1,-1,0,1,-1,0,0,-1:1.0
1,0,1,0,1,-1,-1,0,-1:-0.8823529411764705
-1,0,1,1,-1,0,0,0,0:0.08196721311475408
1,-1,1,0,1,-1,0,0,-1:-0.8522727272727272
1,-1,1,1,1,-1,-1,0,-1:0.0
1,-1,1,-1,1,-1,0,1,-1:-1.0
1,0,0,0,1,0,-1,0,-1:-0.07784431137724546
1,-1,0,0,1,1,-1,0,-1:-0.75
1,0,1,-1,1,-1,0,0,-1:-1.0
1,1,-1,0,1,0,-1,0,-1:-0.679012345679012
1,1,-1,1,1,-1,-1,0,-1:1.0
0,0,0,0,-1,1,0,0,0:0.006117908787541715
1,-1,0,0,-1,1,0,0,0:-0.16666666666666669
1,-1,1,0,-1,1,0,0,-1:0.08843537414965988
1,0,0,0,1,0,0,-1,-1:-0.624113475177305
1,1,-1,0,1,0,0,-1,-1:0.8771929824561401
1,1,-1,0,1,-1,1,-1,-1:1.0
1,0,0,-1,1,-1,0,0,0:-1.0
1,1,0,-1,1,-1,-1,0,0:-1.0
1,0,0,-1,1,0,-1,0,0:-0.9523809523809522
1,1,0,-1,1,0,-1,-1,0:-1.0
0,0,0,0,1,-1,0,0,0:-0.8306772908366546
-1,0,0,1,1,-1,0,0,0:-0.19273743016759792
0,0,0,0,1,0,0,-1,0:-0.6534008683068008
1,0,1,-1,1,0,0,-1,-1:-0.9130434782608697
1,-1,0,0,1,-1,0,0,0:-0.9053254437869824
1,-1,1,0,1,-1,-1,0,0:-0.8070175438596491
1,-1,1,1,1,-1,-1,-1,0:-1.0
0,0,0,0,1,0,-1,0,0:-0.27016498625114616
1,-1,1,0,1,0,-1,0,-1:0.11111111111111109
1,-1,1,-1,1,0,-1,0,0:-0.8039215686274509
1,-1,1,-1,1,1,-1,-1,0:-1.0
-1,0,0,0,0,0,0,0,1:-0.45454545454545453
-1,1,-1,0,0,0,0,0,1:-0.19999999999999998
-1,1,-1,1,-1,0,0,0,1:1.3322676295501878e-17
-1,1,-1,1,-1,1,-1,0,1:1.0
-1,0,-1,1,1,0,0,0,0:-0.5098039215686274
-1,-1,-1,1,1,0,0,1,0:1.0
-1,1,-1,1,1,-1,1,0,-1:1.0
-1,0,0,0,0,0,0,1,0:-0.08795411089866155
-1,1,-1,0,0,0,0,1,0:-0.6
-1,1,-1,1,-1,0,0,1,0:0.6000000000000001
-1,1,-1,1,-1,1,-1,1,0:1.0
1,1,-1,-1,-1,1,0,0,0:0.12500000000000003
1,0,1,-1,1,0,-1,0,-1:-0.7761194029850749
1,-1,0,1,1,0,-1,0,-1:-0.8599999999999999
1,-1,1,1,1,0,-1,-1,-1:1.0
-1,-1,1,0,1,0,0,0,0:-0.9090909090909091
-1,-1,1,1,1,0,0,-1,0:-1.0
1,0,0,0,1,0,-1,-1,0:-0.8823529411764705
1,1,-1,0,1,0,-1,-1,0:-1.0
1,1,-1,1,1,-1,-1,-1,0:-1.0
-1,0,1,-1,1,0,0,0,0:-0.625
-1,-1,1,-1,1,1,0,0,0:-0.7142857142857143
1,-1,-1,0,1,1,-1,1,-1:-1.0
0,0,-1,-1,0,1,0,0,1:-1.0
1,-1,-1,-1,0,1,0,0,1:-1.0
-1,0,1,0,1,-1,0,0,0:-0.9181286549707601
-1,1,0,0,0,0,0,0,0:-0.20000000000000004
-1,1,0,0,0,1,0,0,-1:-1.0
-1,1,1,0,0,1,0,-1,-1:0.5
-1,1,1,-1,1,1,0,-1,-1:-1.0
0,1,-1,0,0,0,0,0,0:-0.22268326417704007
1,1,-1,-1,0,0,1,0,-1:0.4
1,1,-1,-1,1,-1,1,0,-1:1.0
1,-1,0,0,1,0,-1,0,0:-0.8910891089108913
1,-1,1,0,1,0,-1,-1,0:-0.19999999999999996
1,1,0,-1,1,-1,0,0,-1:-0.84
1,0,-1,0,1,0,-1,0,0:-0.8125000000000001
-1,0,1,1,0,0,-1,0,0:-0.33333333333333337
-1,1,1,1,-1,0,-1,0,0:0.08695652173913045
-1,1,1,1,-1,1,-1,-1,0:-1.0
1,-1,0,0,1,0,0,-1,0:-0.962962962962963
1,0,-1,0,1,1,-1,0,-1:-0.8734177215189874
1,0,0,-1,1,0,0,-1,0:-0.9333333333333333
1,1,-1,-1,1,0,0,-1,0:-0.6562499999999999
1,1,-1,-1,1,1,0,-1,-1:0.0
1,0,-1,-1,1,1,0,0,-1:-0.09672131147540991
1,1,-1,-1,1,0,1,-1,-1:0.0
0,-1,0,0,1,0,1,0,-1:-0.9705882352941178
1,-1,0,-1,1,0,1,0,-1:-0.9259259259259258
-1,0,1,1,0,0,0,-1,0:-1.0
-1,1,1,1,-1,0,0,-1,0:0.041666666666666664
0,0,0,-1,0,1,0,0,0:-0.6956521739130437
1,-1,0,-1,0,1,0,0,0:-1.0
1,-1,0,-1,-1,1,0,0,1:-1.0
1,1,0,-1,1,-1,0,-1,0:-1.0
1,0,-1,0,1,-1,0,0,0:-0.7297297297297296
1,-1,-1,0,1,-1,0,1,0:-0.23076923076923073
1,-1,-1,-1,1,-1,1,1,0:-1.0
1,0,0,0,1,-1,-1,0,0:-0.8846153846153845
1,1,-1,0,1,-1,-1,0,0:-0.75
1,0,1,-1,1,-1,-1,0,0:-1.0
1,1,0,0,1,-1,-1,0,-1:-1.0
0,1,-1,0,1,0,-1,0,0:-0.9661016949152544
-1,0,1,0,1,0,-1,0,0:-0.039682539682539694
-1,1,1,-1,1,0,-1,0,0:1.0
-1,1,0,0,1,0,-1,0,0:-0.6710526315789473
-1,1,-1,1,1,0,-1,0,0:-1.0
0,1,0,-1,1,0,-1,0,0:-0.7333333333333335
1,1,0,-1,1,0,-1,0,-1:-0.8095238095238096
1,1,0,-1,1,1,-1,-1,-1:1.0
1,0,-1,0,-1,1,0,0,0:-0.052631578947368425
1,1,-1,-1,-1,1,-1,0,1:1.0
1,0,0,0,1,-1,0,-1,0:-1.0
1,0,0,-1,1,1,-1,0,-1:0.056547619047619097
-1,0,1,1,1,-1,-1,0,0:-0.10631578947368425
-1,1,1,1,1,-1,-1,-1,0:0.0
1,1,-1,0,1,1,-1,-1,-1:1.0
1,-1,0,-1,1,1,-1,1,-1:0.0
0,0,0,-1,0,0,0,1,0:-0.6458333333333333
-1,1,0,-1,0,0,0,1,0:-0.3333333333333333
-1,1,1,-1,-1,0,0,1,0:1.0
-1,1,1,-1,-1,1,-1,1,0:1.0
-1,1,0,0,-1,1,0,0,0:0.09836065573770487
-1,1,1,-1,-1,1,0,0,0:-0.5
0,1,0,0,1,-1,-1,0,0:-1.0
-1,0,0,0,1,1,-1,0,0:-0.4444444444444444
-1,-1,0,0,1,1,-1,1,0:-0.8999999999999999
-1,-1,1,-1,1,1,-1,1,0:1.0
-1,-1,1,1,1,-1,-1,0,1:0.0
1,1,0,-1,1,0,0,-1,-1:-0.8499999999999999
0,0,0,1,1,0,-1,-1,0:-0.4857142857142857
1,0,0,1,1,-1,-1,-1,0:2.7755575615628914e-17
1,1,0,1,1,-1,-1,-1,-1:1.0
0,1,0,0,1,0,-1,-1,0:0.09963099630996321
1,1,0,0,1,-1,-1,-1,0:-1.0
0,1,0,0,1,0,-1,0,-1:-0.7000000000000002
-1,1,1,0,1,0,-1,0,-1:-0.8518518518518517
-1,1,1,1,1,-1,-1,0,-1:-1.0
-1,1,1,0,1,-1,-1,0,0:-0.9047619047619048
1,-1,0,1,1,0,-1,-1,0:-1.0
-1,1,0,1,1,0,-1,0,-1:-0.5652173913043478
-1,1,1,1,1,0,-1,-1,-1:1.0
-1,1,0,1,1,0,-1,-1,0:-0.7142857142857144
-1,1,-1,0,1,1,-1,0,0:-1.0
1,-1,0,-1,1,0,0,1,-1:-0.08661417322834647
1,-1,1,-1,1,0,-1,1,-1:0.0
-1,1,0,-1,1,1,-1,0,0:1.0
1,-1,0,0,0,0,0,1,-1:0.0
1,-1,1,-1,0,0,0,1,-1:0.0
1,-1,1,-1,-1,1,0,1,-1:0.0
1,-1,0,0,0,1,0,0,-1:-0.5
1,-1,1,-1,0,1,0,0,-1:-0.125
-1,-1,1,0,0,0,0,1,0:-1.0
-1,-1,1,1,-1,0,0,1,0:-0.625
-1,-1,1,1,-1,1,-1,1,0:-1.0
-1,0,1,-1,0,0,0,1,0:0.2727272727272727
-1,-1,1,-1,1,0,0,1,0:-0.6190476190476191
1,0,1,-1,1,1,-1,-1,-1:1.0
1,0,0,0,1,-1,-1,1,-1:-0.7727272727272725
-1,0,0,0,1,1,0,0,-1:-0.980582524271845
-1,1,-1,0,1,1,0,0,-1:-1.0
0,-1,0,1,0,0,0,0,0:-0.5970149253731343
1,-1,-1,1,0,0,0,0,0:-0.8571428571428572
1,-1,-1,1,0,1,-1,0,0:-0.6666666666666666
0,0,-1,1,0,0,0,0,0:-0.5970149253731345
1,0,-1,1,-1,0,0,0,0:-0.7368421052631579
0,0,0,1,-1,0,0,0,0:0.04314994606256742
1,-1,0,1,-1,0,0,0,0:-0.46153846153846156
1,-1,1,1,-1,-1,0,0,0:-0.8571428571428571
0,0,0,1,0,-1,0,0,0:-0.45614035087719307
1,-1,0,1,0,-1,0,0,0:-0.5
1,-1,1,1,0,-1,-1,0,0:0.0
1,-1,1,1,-1,-1,-1,1,0:0.0
1,-1,-1,1,1,-1,0,0,0:-0.8181818181818182
0,0,0,1,0,0,-1,0,0:-0.3809523809523808
1,-1,0,1,0,0,-1,0,0:-1.0
1,-1,-1,1,1,0,-1,0,0:-1.0
1,-1,-1,1,1,-1,-1,1,0:-1.0
0,0,0,1,0,0,0,-1,0:-0.59375
1,-1,0,1,0,0,0,-1,0:-0.24999999999999997
1,-1,1,1,-1,0,0,-1,0:1.0
-1,-1,1,0,0,0,0,0,1:-1.0
-1,-1,1,1,-1,0,0,0,1:-0.2
-1,1,0,1,0,0,0,-1,0:0.0
-1,1,1,1,0,-1,0,-1,0:-0.25
0,0,0,1,1,0,-1,0,-1:-0.8000000000000002
1,0,1,0,1,0,-1,-1,-1:1.0
-1,0,0,1,0,0,1,-1,0:-0.6304347826086955
-1,1,-1,1,0,0,1,-1,0:-1.0
-1,1,-1,1,1,0,1,-1,-1:-1.0
0,-1,0,1,0,0,1,-1,0:-0.6666666666666666
0,0,0,1,0,0,0,0,-1:-0.09230769230769231
-1,0,0,1,1,0,0,0,-1:-0.9285714285714284
1,0,0,1,-1,0,0,0,-1:-0.7142857142857143
-1,1,0,-1,1,0,0,0,0:-0.6610169491525422
1,-1,0,1,0,0,0,0,-1:-0.5
-1,0,0,0,1,0,-1,1,0:-0.7964912280701756
-1,-1,1,0,1,1,-1,0,0:-1.0
0,-1,0,0,1,0,-1,1,0:-0.17298414886285357
1,-1,-1,0,1,0,-1,1,0:-1.0
-1,0,1,-1,0,0,0,0,1:-0.7352941176470589
-1,1,1,-1,-1,0,0,0,1:-0.6
-1,1,1,-1,-1,-1,1,0,1:1.0
0,0,-1,0,1,0,-1,1,0:-0.9830508474576274
1,0,-1,-1,1,0,-1,1,0:-1.0
0,0,0,-1,1,0,-1,1,0:-0.7915057915057917
1,-1,0,-1,1,0,-1,1,0:-0.8803088803088794
0,0,0,0,1,-1,-1,1,0:-0.8741258741258745
1,-1,0,0,1,-1,-1,1,0:-0.8424908424908423
1,-1,1,-1,1,-1,-1,1,0:-1.0
1,0,1,0,1,-1,0,-1,-1:-0.8695652173913043
-1,-1,0,0,1,0,1,0,0:-0.7192982456140352
1,0,0,-1,1,-1,-1,1,0:-1.0
0,0,0,0,1,0,-1,1,-1:-0.9124502558271739
1,-1,0,0,1,0,-1,1,-1:-0.10231373381447643
-1,0,1,-1,1,1,-1,0,0:1.0
1,0,-1,0,1,0,0,-1,0:-0.7560975609756098
1,-1,-1,1,1,0,0,-1,0:-1.0
-1,1,-1,1,-1,1,0,0,0:0.5
-1,1,-1,1,-1,1,1,-1,0:0.0
1,-1,-1,0,1,-1,1,0,0:-0.8461538461538461
-1,0,0,0,0,0,1,0,0:-0.44303797468354433
-1,0,-1,0,1,0,1,0,0:-0.06132075471698118
-1,1,-1,-1,1,0,1,0,0:-0.6956521739130436
-1,1,-1,-1,1,1,1,-1,0:0.0
0,0,-1,0,1,-1,1,0,0:-0.18072289156626503
1,0,-1,-1,1,-1,1,0,0:-0.5
1,0,-1,1,1,0,0,-1,-1:-1.0
0,-1,0,0,1,1,0,0,-1:-0.8092783505154637
1,-1,0,-1,1,1,0,0,-1:-0.12676056338028172
1,-1,1,-1,1,1,0,-1,-1:-1.0
1,0,-1,1,1,-1,0,-1,0:-0.826086956521739
1,1,-1,1,1,-1,0,-1,-1:1.0
-1,1,0,-1,0,0,1,0,0:-0.5
-1,1,-1,-1,0,0,1,0,1:-0.4
-1,1,-1,-1,1,0,1,-1,1:0.0
1,-1,-1,0,1,1,0,-1,0:-1.0
1,-1,0,1,1,-1,-1,0,0:-0.6
0,-1,-1,0,1,0,1,0,0:-0.9090909090909091
1,-1,-1,0,1,0,1,-1,0:-1.0
0,0,1,0,-1,1,0,0,-1:0.12499999999999996
-1,0,-1,0,1,0,0,0,1:-0.04225352112676056
-1,-1,-1,0,1,1,0,0,1:1.0
1,-1,1,-1,1,0,0,-1,0:-1.0
0,-1,0,1,-1,1,0,0,0:0.7395833333333333
1,-1,0,1,-1,1,0,-1,0:1.0
1,0,-1,-1,1,0,1,-1,0:-0.16666666666666666
1,-1,-1,-1,1,1,0,0,0:-0.8749999999999999
1,-1,-1,-1,1,1,1,0,-1:0.0
1,0,-1,-1,1,1,0,-1,0:-0.7777777777777777
1,-1,-1,-1,1,1,0,1,-1:0.0
-1,1,-1,1,1,0,0,0,-1:-1.0
0,-1,-1,1,1,0,0,0,0:-0.75
0,1,-1,-1,1,0,0,0,0:-0.9411764705882351
0,1,-1,-1,1,-1,0,0,1:-1.0
0,1,-1,0,1,-1,0,0,0:-0.6764705882352942
0,1,-1,1,1,-1,0,0,-1:1.0
-1,1,-1,0,1,-1,1,0,0:-0.875
0,1,-1,-1,1,-1,1,0,0:-1.0
0,1,-1,0,1,-1,1,-1,0:-0.025000000000000015
0,0,-1,0,1,1,0,0,-1:-0.9292452830188679
-1,-1,1,-1,1,0,0,0,1:-1.0
-1,-1,-1,0,1,0,0,1,1:1.0
-1,-1,1,1,-1,1,0,0,0:0.3333333333333333
-1,0,0,-1,1,0,1,0,0:-0.782608695652174
1,-1,-1,1,0,1,0,0,-1:-1.0
1,0,-1,1,0,-1,0,0,0:-0.6326530612244897
1,1,-1,1,0,-1,-1,0,0:0.6666666666666666
1,1,-1,1,0,-1,-1,1,-1:1.0
-1,0,1,-1,1,-1,0,0,1:-1.0
0,1,-1,0,1,0,0,0,-1:-0.6818181818181817
-1,1,-1,0,1,0,1,0,-1:-0.7647058823529412
-1,-1,1,1,1,0,0,0,-1:-1.0
-1,0,-1,0,0,1,1,0,0:-2.7755575615628914e-17
-1,0,-1,0,0,1,1,-1,1:0.6
-1,-1,-1,1,0,1,1,-1,1:1.0
0,1,-1,1,1,0,0,-1,-1:-0.8181818181818182
0,1,-1,1,1,-1,1,-1,-1:1.0
1,0,-1,-1,1,-1,0,1,0:-1.0
0,-1,1,0,0,0,0,0,0:-0.7910447761194029
1,-1,1,0,-1,0,0,0,0:0.17391304347826092
1,-1,1,-1,-1,1,0,0,0:-1.0
-1,0,-1,0,1,0,0,1,0:-0.8666666666666666
1,0,1,0,1,-1,-1,-1,0:-1.0
1,0,-1,0,1,0,-1,1,-1:-0.8846153846153844
-1,0,1,-1,0,1,-1,1,0:1.0
0,0,1,0,0,0,0,-1,0:-0.6813186813186813
0,0,1,0,-1,0,1,-1,0:-0.5
1,-1,1,0,-1,0,1,-1,0:1.0
0,-1,-1,0,1,0,0,1,0:0.12096774193548387
1,-1,-1,0,1,-1,1,1,-1:1.0
1,0,0,-1,1,0,-1,1,-1:-0.9166666666666666
-1,1,-1,-1,1,1,1,0,-1:-1.0
1,-1,0,1,1,0,0,-1,-1:-0.8636363636363636
0,1,-1,0,1,0,0,-1,0:-0.17067833698030663
0,1,-1,0,1,0,1,-1,-1:0.01666666666666668
-1,1,-1,1,1,0,0,-1,0:-0.8064516129032259
-1,1,-1,0,1,0,0,-1,1:-0.08811881188118809
-1,1,-1,1,1,-1,0,-1,1:0.0
1,-1,1,0,0,0,0,-1,0:0.25
0,-1,0,-1,1,0,1,0,0:-0.8823529411764705
1,-1,0,-1,1,-1,1,0,0:-1.0
1,-1,0,0,1,1,0,-1,-1:-0.7142857142857142
1,-1,1,0,1,1,-1,-1,-1:1.0
-1,1,-1,1,1,0,-1,-1,1:-1.0
-1,1,1,0,0,0,0,-1,0:-0.8245614035087719
0,0,0,0,0,-1,0,1,0:-0.5319148936170212
1,-1,0,0,0,-1,0,1,0:-0.5
1,-1,1,-1,0,-1,0,1,0:-1.0
-1,0,0,0,1,0,1,-1,0:-0.5818181818181817
-1,1,-1,0,1,0,1,-1,0:-0.11690363349131126
0,1,0,0,1,-1,0,-1,0:-0.7058823529411765
1,1,-1,0,1,-1,0,-1,0:-1.0
0,1,-1,1,1,-1,0,-1,0:1.0408340855860843e-17
0,1,0,-1,1,0,0,-1,0:-0.7391304347826088
-1,1,0,1,-1,0,0,0,0:0.2
0,0,-1,0,1,1,-1,0,0:-0.8181818181818181
0,1,1,-1,0,0,0,-1,0:-1.0
0,-1,0,0,1,0,1,-1,0:-1.0
1,-1,0,-1,1,0,1,-1,0:-1.0
0,-1,0,0,0,0,0,0,1:-0.6379310344827585
-1,-1,0,0,1,0,0,0,1:-0.33333333333333337
-1,-1,1,0,1,-1,0,0,1:-0.8688524590163935
-1,0,0,1,0,-1,0,1,0:-0.5
-1,-1,0,1,0,-1,1,1,0:-1.0
-1,-1,1,1,-1,-1,1,1,0:-1.0
-1,1,0,0,1,0,0,-1,0:-0.1655034895314056
-1,1,1,-1,1,0,0,-1,0:-0.5
-1,1,1,-1,1,1,-1,-1,0:1.0
-1,1,1,1,-1,1,-1,0,-1:1.0
-1,0,1,0,1,0,0,-1,0:-0.6153846153846153
-1,0,1,1,1,-1,0,-1,0:-0.8448275862068966
-1,1,0,1,1,-1,0,-1,0:-0.11009174311926602
-1,1,1,1,1,-1,0,-1,-1:-1.0
1,1,0,0,1,0,-1,-1,-1:1.0
-1,1,-1,0,1,1,0,-1,0:-0.8536585365853658
1,0,-1,-1,1,0,0,1,-1:-0.8888888888888887
1,-1,-1,-1,1,0,1,1,-1:0.0
-1,-1,0,1,0,0,0,1,0:-0.5
-1,-1,1,1,0,-1,0,1,0:-1.0
-1,-1,1,1,0,-1,1,1,-1:-1.0
-1,0,-1,1,0,0,0,1,0:0.0
-1,1,-1,1,-1,-1,1,1,0:-1.0
-1,0,1,1,1,-1,0,0,-1:-1.0
1,-1,-1,1,1,-1,0,1,-1:1.0
1,0,-1,0,1,-1,-1,1,0:-1.0
0,-1,0,0,0,0,0,1,0:-0.467741935483871
1,-1,-1,0,0,0,0,1,0:-1.0
1,-1,-1,1,-1,0,0,1,0:-1.0
0,0,-1,0,0,0,0,1,0:-0.08630952380952377
-1,0,-1,0,0,1,0,1,0:0.6363636363636364
-1,1,-1,-1,0,1,0,1,0:-1.0
1,0,0,-1,0,0,-1,1,0:-1.0
0,1,1,0,-1,0,0,-1,0:-1.0
0,0,0,0,-1,0,0,1,0:-0.011904761904761908
1,-1,0,0,-1,0,0,1,0:-1.0
1,-1,1,-1,-1,0,0,1,0:-0.14285714285714288
1,-1,1,-1,-1,1,-1,1,0:-1.0
0,0,0,0,0,0,-1,1,0:-0.2830188679245284
0,0,0,0,0,0,0,1,-1:-0.3382352941176471
1,0,-1,0,-1,0,0,1,0:-0.5
1,1,-1,0,-1,-1,0,1,0:1.0
1,1,-1,1,-1,-1,-1,1,0:1.0
-1,0,0,1,-1,0,0,1,0:0.06990881458966565
-1,1,-1,1,-1,0,1,1,-1:1.0
1,0,-1,0,0,-1,0,1,0:0.07692307692307694
-1,1,-1,1,0,0,0,0,0:-0.5
-1,0,1,0,-1,1,0,0,0:-0.6470588235294119
-1,0,1,1,-1,1,-1,0,0:-0.33333333333333337
1,0,-1,1,-1,-1,0,1,0:-0.3333333333333333
1,0,0,0,0,-1,0,1,-1:0.0
1,1,-1,0,0,-1,0,1,-1:1.0
1,0,-1,1,1,0,-1,-1,0:-0.8249999999999997
0,0,0,1,-1,0,-1,1,0:-0.05555555555555555
1,-1,0,1,-1,0,-1,1,0:0.0
0,0,1,-1,0,0,0,0,0:-0.7017543859649122
1,0,1,-1,-1,0,0,0,0:-0.6363636363636364
0,1,-1,1,1,0,-1,-1,0:-0.8125000000000001
1,1,-1,1,1,0,-1,-1,-1:1.0
-1,0,1,1,1,0,0,-1,-1:-0.84
0,0,1,0,-1,0,0,0,0:-0.00909577314071698
1,0,1,0,-1,-1,0,0,0:-0.6666666666666667
1,-1,1,0,-1,-1,0,0,1:0.8888888888888888
1,-1,1,1,-1,-1,-1,0,1:0.0
0,1,-1,-1,1,1,0,-1,0:-0.06976744186046509
1,-1,-1,0,1,0,1,0,-1:-0.7333333333333334
1,0,-1,1,0,0,0,0,-1:-0.6744186046511629
1,1,-1,1,0,-1,0,0,-1:1.0
0,1,1,-1,1,0,-1,-1,0:-1.0
-1,1,1,0,1,0,-1,-1,0:0.8372093023255814
-1,1,0,1,1,0,0,-1,-1:-0.894736842105263
0,-1,0,0,1,-1,1,0,0:-1.0
1,-1,0,0,1,-1,1,-1,0:-1.0
-1,1,1,-1,1,0,-1,-1,1:1.0
-1,1,0,-1,1,1,0,0,-1:-0.8181818181818182
-1,1,1,-1,1,1,-1,0,-1:1.0
0,1,0,-1,0,0,0,1,-1:-1.0
-1,1,0,-1,0,0,1,1,-1:-1.0
-1,1,-1,-1,0,1,1,1,-1:-1.0
-1,0,0,0,1,0,0,1,-1:-0.9817287420941669
-1,0,0,1,-1,-1,0,1,1:-0.8888888888888887
-1,1,-1,1,-1,-1,0,1,1:-1.0
-1,-1,0,0,0,1,0,1,0:0.6190476190476191
-1,-1,1,-1,0,1,0,1,0:-0.6
1,-1,-1,0,0,0,0,0,1:-1.0
-1,-1,1,-1,0,0,1,1,0:-1.0
-1,-1,0,1,-1,0,0,1,1:-0.8888888888888888
-1,-1,1,1,-1,-1,0,1,1:-1.0
-1,0,0,1,0,0,-1,1,0:-1.0
-1,1,-1,1,0,0,-1,1,0:-1.0
-1,1,0,0,0,0,0,1,-1:-1.0
-1,-1,1,0,1,1,0,-1,0:-1.0
-1,-1,0,0,0,0,1,1,0:-0.6274509803921567
-1,-1,1,0,-1,0,1,1,0:-0.3333333333333333
-1,-1,1,1,-1,0,1,1,-1:1.0
-1,0,0,1,0,0,0,1,-1:-0.19999999999999998
-1,1,0,1,-1,0,0,1,-1:1.0
-1,0,-1,0,0,0,0,1,1:-0.7142857142857143
-1,1,-1,-1,0,0,0,1,1:-1.0
0,1,-1,0,0,0,0,1,-1:-1.0
-1,-1,1,1,0,0,0,1,-1:-1.0
-1,-1,1,1,1,-1,0,1,-1:-1.0
-1,0,1,1,-1,0,0,1,-1:1.0
-1,-1,1,1,0,0,-1,1,0:-1.0
-1,-1,1,1,0,1,-1,1,-1:-1.0
0,1,-1,-1,0,1,0,0,0:-0.07692307692307691
0,0,-1,0,0,0,0,0,1:-0.5662650602409638
-1,0,-1,0,0,1,0,0,1:0.5
-1,1,-1,-1,0,1,0,0,1:0.0
-1,1,-1,-1,-1,1,0,1,1:-1.0
0,0,1,0,0,-1,0,0,0:-0.8275862068965517
1,-1,1,0,0,-1,0,0,0:-0.8
1,-1,1,0,1,-1,0,-1,0:-1.0
0,0,0,-1,0,0,0,0,1:-0.7499999999999998
1,-1,0,-1,0,0,0,0,1:-0.3333333333333333
1,-1,0,-1,0,1,-1,0,1:-1.0
0,0,0,0,-1,0,0,0,1:-0.01665709362435383
1,-1,0,0,-1,0,0,0,1:-0.05555555555555553
1,-1,1,-1,-1,0,0,0,1:-0.5
-1,1,-1,0,0,0,1,0,0:-0.2
-1,0,0,0,-1,1,1,0,0:-0.0769230769230769
-1,-1,0,0,-1,1,1,1,0:0.33333333333333337
-1,-1,1,0,-1,1,1,1,-1:1.0
-1,0,0,1,1,0,0,-1,0:-0.7924528301886792
0,0,0,0,0,-1,0,0,1:-0.5172413793103446
1,-1,0,0,0,-1,0,0,1:-0.3333333333333333
1,-1,1,0,0,-1,0,-1,1:0.0
1,-1,1,1,-1,-1,0,-1,1:1.0
0,1,0,-1,0,-1,0,0,1:0.0
1,1,-1,-1,0,-1,0,0,1:-1.0
-1,1,0,0,0,-1,0,0,1:0.2222222222222222
-1,1,1,-1,0,-1,0,0,1:0.7142857142857143
1,0,-1,-1,0,0,0,0,1:-0.8
-1,1,0,1,0,-1,-1,0,1:0.0
-1,1,1,1,0,-1,-1,-1,1:0.0
0,1,0,0,0,-1,-1,0,1:-1.0
1,1,-1,0,0,-1,-1,0,1:-1.0
-1,1,-1,0,1,-1,0,0,1:-0.5454545454545454
-1,1,0,1,-1,-1,0,0,1:-0.16666666666666669
-1,1,0,1,-1,-1,-1,1,1:0.0
-1,1,-1,1,0,-1,0,0,1:0.0
-1,1,-1,1,0,-1,1,-1,1:0.0
0,-1,0,0,-1,0,0,1,1:-0.5833333333333333
1,-1,-1,0,-1,0,0,1,1:-1.0
1,-1,-1,-1,-1,1,0,1,1:-1.0
-1,1,1,1,-1,-1,-1,0,1:0.0
-1,0,0,0,0,-1,1,0,1:-0.8
-1,1,-1,0,0,-1,1,0,1:-1.0
-1,1,-1,1,-1,-1,1,0,1:-1.0
0,0,0,0,0,0,-1,0,1:-0.5416666666666669
1,-1,0,0,0,0,-1,0,1:-0.7333333333333333
1,-1,-1,0,0,1,-1,0,1:-0.5
1,-1,-1,1,-1,1,-1,0,1:1.0
-1,1,0,0,0,0,-1,0,1:0.6
-1,1,1,-1,0,0,-1,0,1:1.0
0,0,1,0,0,0,-1,0,0:-0.4903474903474903
1,-1,1,0,0,0,-1,0,0:-0.09999999999999998
-1,-1,0,0,1,0,0,1,0:0.06547619047619048
-1,-1,0,1,-1,1,0,1,0:0.7142857142857143
-1,-1,-1,1,-1,1,0,1,1:1.0
1,-1,0,0,1,0,1,-1,-1:-1.0
0,-1,0,1,1,0,0,-1,0:-1.0
0,0,-1,1,1,0,0,-1,0:-0.8888888888888888
0,0,0,1,1,-1,0,-1,0:-0.4848484848484849
1,0,1,1,1,-1,-1,-1,-1:1.0
-1,0,1,1,1,0,-1,-1,0:-1.0
0,1,0,1,1,-1,-1,-1,0:0.09523809523809526
1,-1,0,1,1,-1,0,-1,0:-1.0
-1,0,0,1,1,-1,1,-1,0:-0.673267326732673
-1,1,0,1,1,-1,1,-1,-1:-1.0
0,-1,0,1,1,-1,1,-1,0:-1.0
0,-1,0,0,-1,1,0,1,0:-0.375
1,-1,-1,0,-1,1,0,1,0:-0.4285714285714286
1,-1,-1,0,-1,1,-1,1,1:1.0
0,0,-1,1,1,-1,1,-1,0:-1.0
-1,-1,-1,0,1,1,0,1,0:1.0
1,-1,-1,1,1,0,0,0,-1:-0.8273381294964033
0,-1,0,0,1,0,0,1,-1:-0.17170728980321967
1,-1,-1,0,1,0,0,1,-1:0.022445820433436528
0,-1,1,1,-1,0,0,0,0:0.08176100628930823
0,-1,1,1,-1,1,-1,0,0:-1.0
-1,0,0,-1,1,0,0,1,0:-0.894736842105263
0,0,0,1,1,0,0,-1,-1:-0.7307692307692305
0,1,0,1,1,-1,0,-1,-1:0.9130434782608695
-1,1,-1,0,-1,1,1,0,0:0.03703703703703705
1,-1,1,0,1,-1,-1,1,-1:0.0
-1,1,1,0,0,-1,0,0,0:-0.5454545454545454
-1,1,1,0,1,-1,0,-1,0:-0.6538461538461537
0,0,0,0,1,1,0,-1,-1:-0.8446601941747575
-1,1,0,0,1,1,0,-1,-1:-0.7777777777777777
-1,1,1,0,1,1,-1,-1,-1:1.0
0,-1,1,0,1,0,0,-1,0:-1.0
0,-1,1,-1,1,1,0,-1,0:-1.0
1,0,-1,1,1,-1,0,0,-1:1.0
0,0,0,1,1,-1,1,-1,-1:-0.7000000000000001
1,0,-1,1,-1,1,-1,0,0:1.0
-1,0,1,0,0,0,-1,0,1:-0.6666666666666665
-1,0,1,1,0,-1,-1,0,1:0.0
1,0,0,1,1,-1,0,-1,-1:-0.4285714285714286
1,0,-1,0,1,0,1,-1,-1:-0.8666666666666666
0,0,1,-1,1,0,0,-1,0:-1.0
1,0,1,-1,1,-1,0,-1,0:-1.0
-1,0,1,1,1,0,-1,0,-1:-1.0
0,0,1,0,1,-1,0,-1,0:-0.934782608695652
0,0,1,1,-1,-1,0,0,0:-0.7619047619047619
-1,0,1,1,-1,-1,1,0,0:0.2
0,0,1,0,1,0,-1,-1,0:-0.35294117647058837
0,-1,1,1,1,0,-1,-1,0:-1.0
-1,0,0,0,1,-1,0,1,0:-1.0
1,-1,-1,1,1,0,-1,1,-1:-1.0
-1,0,1,0,1,1,0,-1,-1:-1.0
1,0,1,1,-1,-1,-1,0,0:-1.0
0,0,1,0,1,0,0,-1,-1:-0.575
0,-1,1,1,1,0,0,-1,-1:-0.6363636363636364
-1,0,0,0,1,0,0,-1,1:-0.5636363636363637
-1,-1,0,1,1,0,0,-1,1:-0.3333333333333333
-1,-1,-1,1,1,0,1,-1,1:1.0
-1,0,1,-1,1,1,0,-1,0:-1.0
0,-1,1,0,1,1,0,-1,-1:-1.0
0,0,1,-1,1,1,0,-1,-1:-0.511111111111111
-1,-1,1,1,0,0,-1,0,1:-0.16666666666666666
1,0,1,-1,1,0,-1,-1,0:-1.0
0,0,1,0,1,-1,0,0,-1:-0.9140624999999997
0,-1,0,0,1,1,0,-1,0:-0.9591836734693877
-1,0,0,0,1,1,0,-1,0:-0.9480519480519479
-1,0,1,0,1,1,-1,-1,0:-1.0
0,0,-1,0,1,1,0,-1,0:-0.9176470588235293
-1,0,-1,0,1,1,0,-1,1:-1.0
-1,1,0,0,1,0,-1,-1,1:0.03286384976525821
-1,1,0,1,1,-1,-1,-1,1:0.0
1,0,1,-1,0,0,0,0,-1:-1.0
0,0,0,-1,1,1,0,-1,0:-0.6571428571428567
1,-1,0,-1,1,1,0,-1,0:-1.0
0,1,0,0,-1,0,0,0,0:-0.031063321385902013
1,1,0,0,-1,0,-1,0,0:-0.6111111111111108
0,1,1,-1,1,1,-1,-1,-1:1.0
0,0,0,0,1,1,-1,-1,0:-0.7024793388429753
1,-1,0,0,1,1,-1,-1,0:-0.75
-1,0,0,0,-1,1,0,0,1:-0.857142857142857
-1,1,-1,0,-1,1,0,0,1:0.022222222222222216
-1,1,-1,0,-1,1,-1,1,1:1.0
1,0,0,-1,1,0,1,-1,-1:-0.8349514563106795
0,-1,-1,0,1,1,0,-1,1:-1.0
-1,1,-1,0,1,-1,1,-1,1:0.0
0,1,0,0,0,0,0,0,-1:-0.5600000000000002
0,1,0,0,-1,0,0,1,-1:0.4375000000000001
-1,1,1,0,-1,0,0,1,-1:1.0
1,-1,1,1,0,0,-1,0,-1:0.8
0,0,-1,-1,1,1,0,-1,1:-0.87012987012987
-1,0,0,0,1,-1,1,0,0:-0.6399999999999999
-1,1,0,-1,1,-1,1,0,0:-1.0
-1,1,-1,-1,1,-1,1,0,1:-1.0
1,0,1,0,-1,0,0,0,-1:-1.0
0,0,-1,0,1,1,-1,-1,1:-1.0
0,1,-1,1,1,-1,-1,-1,1:-1.0
-1,-1,1,0,1,-1,0,1,0:-0.7894736842105261
-1,-1,0,1,1,0,1,-1,0:-1.0
-1,-1,0,1,1,-1,1,-1,1:-1.0
0,0,0,-1,1,0,1,-1,0:-0.6111111111111112
0,0,1,0,1,1,-1,-1,-1:1.0
0,0,1,1,-1,0,-1,0,0:0.04347826086956521
1,0,1,1,-1,0,-1,-1,0:-0.4545454545454546
-1,-1,-1,0,1,0,1,0,1:1.0
-1,-1,1,0,1,0,-1,1,0:0.033816425120772965
-1,-1,1,1,1,-1,-1,1,0:0.0
0,-1,0,0,0,0,1,0,0:-0.5818181818181817
-1,-1,-1,1,1,0,1,0,0:1.0
1,0,-1,0,1,1,-1,-1,0:-1.0
-1,0,0,-1,1,1,1,-1,0:-0.8333333333333331
0,1,0,1,1,0,-1,-1,-1:1.0
-1,-1,-1,0,1,0,1,1,0:1.0
0,0,0,-1,1,-1,1,0,0:-0.7777777777777778
1,0,-1,-1,1,-1,1,1,-1:1.0
-1,1,1,0,0,0,-1,0,0:0.5714285714285714
-1,1,1,1,0,-1,-1,0,0:0.0
0,-1,0,1,1,0,0,0,-1:-0.9423076923076921
1,-1,0,1,1,-1,0,0,-1:-0.7828947368421051
0,1,0,-1,1,-1,1,-1,0:-1.0
-1,1,0,-1,1,-1,1,-1,1:-1.0
-1,1,-1,1,1,-1,-1,0,1:-1.0
1,0,-1,-1,1,1,-1,0,0:-1.0
0,0,-1,0,1,0,1,-1,0:-0.5666666666666665
1,0,-1,-1,1,1,1,-1,-1:0.0
1,1,-1,0,-1,0,0,1,-1:0.8235294117647057
1,1,-1,1,-1,-1,0,1,-1:1.0
0,0,1,1,-1,0,0,-1,0:0.07142857142857145
0,0,1,1,-1,0,-1,-1,1:-0.6
1,0,1,1,-1,-1,-1,-1,1:-1.0
0,-1,1,0,1,1,-1,-1,0:-1.0
0,0,-1,1,1,0,0,0,-1:-0.5833333333333334
-1,1,0,0,1,0,0,0,-1:-0.9764705882352942
-1,0,0,0,1,0,1,0,-1:-0.8888888888888888
-1,-1,0,0,1,0,1,1,-1:-0.7818181818181821
0,1,0,-1,1,0,0,0,-1:-0.8390804597701148
0,0,-1,0,1,0,1,0,-1:-0.04269662921348314
-1,0,-1,0,1,0,1,1,-1:-0.7777777777777778
0,0,1,1,-1,0,0,0,-1:-0.30612244897959184
0,0,0,-1,1,0,1,0,-1:-0.8260869565217391
1,0,-1,-1,1,0,1,0,-1:0.0967741935483871
-1,0,0,-1,1,0,1,1,-1:-1.0
-1,1,1,1,-1,-1,-1,1,0:0.0
-1,-1,1,0,1,0,0,1,-1:-1.0
0,1,0,-1,1,-1,1,0,-1:-0.8571428571428571
0,1,-1,-1,1,1,0,0,-1:-0.8333333333333333
0,1,0,0,1,-1,0,0,-1:-0.7582417582417581
-1,1,1,0,1,-1,0,0,-1:-1.0
0,1,1,-1,1,-1,0,0,-1:-1.0
1,0,1,0,0,-1,0,0,-1:-0.75
0,1,0,0,1,0,0,-1,-1:0.022177419354838693
-1,1,1,0,1,0,0,-1,-1:-1.0
-1,-1,0,0,0,0,0,1,1:-0.8
-1,-1,1,-1,0,0,0,1,1:-1.0
1,1,-1,-1,0,1,0,0,-1:-0.16666666666666669
0,1,1,0,1,-1,-1,0,-1:-1.0
1,0,1,0,0,0,-1,0,-1:-1.0
0,1,-1,-1,1,1,-1,0,0:-1.0
1,-1,0,0,1,-1,1,0,-1:-1.0
-1,0,-1,0,1,0,1,-1,1:0.0909090909090909
-1,1,-1,0,1,1,-1,-1,1:-1.0
0,0,1,0,0,-1,-1,0,1:-0.6547619047619045
1,-1,1,0,0,-1,-1,0,1:-0.7818181818181817
-1,0,-1,0,1,1,0,0,0:-0.5897435897435898
1,0,-1,0,1,1,0,-1,-1:-0.793103448275862
0,0,1,1,1,-1,-1,-1,0:0.0
-1,0,-1,1,-1,0,0,1,1:-0.4736842105263158
-1,1,-1,1,-1,0,-1,1,1:1.0
0,1,0,-1,1,0,-1,-1,1:-0.6363636363636364
-1,1,-1,0,1,1,1,-1,-1:-1.0
-1,1,0,1,0,0,0,0,-1:-0.24999999999999997
-1,1,1,1,-1,0,0,0,-1:1.0
1,1,0,-1,0,0,0,-1,0:-1.0
1,0,1,0,0,0,0,-1,-1:-1.0
-1,0,0,-1,0,0,0,1,1:-1.0
1,0,0,-1,1,1,-1,-1,0:-0.6470588235294119
0,-1,0,-1,1,1,1,-1,0:-1.0
1,-1,0,-1,1,1,1,-1,-1:-1.0
-1,0,0,0,-1,0,0,1,1:-0.4666666666666666
0,-1,1,1,0,0,-1,0,0:-0.16666666666666669
0,-1,1,1,1,-1,-1,0,0:-0.07317073170731708
0,0,-1,-1,1,1,1,-1,0:-0.1117647058823529
0,0,0,-1,1,1,1,-1,-1:-0.9242424242424242
1,0,-1,0,1,-1,0,1,-1:1.0
0,-1,-1,-1,1,1,1,-1,1:-1.0
-1,0,1,-1,-1,0,1,1,0:2.7755575615628914e-17
-1,1,1,-1,-1,-1,1,1,0:1.0
0,0,-1,0,1,-1,0,1,0:-1.0
-1,1,-1,-1,1,1,0,0,0:-1.0
0,0,-1,-1,1,0,1,0,0:-0.5319148936170213
-1,0,-1,-1,1,0,1,1,0:-1.0
-1,0,-1,-1,1,1,1,-1,1:0.0
0,1,-1,0,1,0,-1,-1,1:-1.0
1,-1,-1,0,-1,1,1,0,0:-1.0
0,0,-1,0,0,0,1,0,0:-0.3297872340425532
0,0,1,0,-1,0,-1,0,1:-0.835164835164835
1,-1,1,0,-1,0,-1,0,1:-0.4375
-1,0,0,-1,1,1,0,-1,1:-0.7977624784853703
-1,1,-1,-1,1,1,0,-1,1:0.0
-1,0,1,1,-1,1,-1,1,-1:1.0
0,1,0,-1,0,0,0,0,0:-0.6470588235294116
1,1,0,-1,0,0,-1,0,0:-1.0
1,0,-1,-1,-1,1,1,0,0:-0.08823529411764708
0,0,1,-1,1,1,-1,-1,0:-0.5624999999999999
0,1,0,0,1,-1,-1,-1,1:-0.6
-1,1,1,0,1,-1,-1,-1,1:0.0
0,0,0,1,-1,1,-1,0,0:-1.0
0,1,1,-1,1,0,0,-1,-1:-1.0
0,-1,1,1,-1,1,0,-1,0:1.0
-1,0,0,0,0,1,-1,0,1:-0.42857142857142855
-1,1,-1,0,0,1,-1,0,1:0.7142857142857143
-1,0,-1,0,1,1,1,-1,0:-0.7272727272727271
0,1,0,0,0,-1,0,0,0:-0.5625000000000001
1,1,-1,0,0,-1,0,0,0:0.75
1,1,-1,-1,0,-1,1,0,0:0.5
1,1,-1,-1,-1,-1,1,1,0:1.0
-1,0,-1,1,1,0,1,-1,0:-0.7894736842105264
0,1,1,0,1,-1,0,-1,-1:-0.6190476190476191
0,1,1,1,1,-1,-1,-1,-1:1.0
-1,0,1,1,-1,0,1,0,-1:1.0
0,0,1,-1,0,0,-1,0,1:-1.0
1,-1,1,-1,0,0,-1,0,1:-1.0
-1,1,0,-1,1,1,0,-1,0:0.056603773584905634
-1,-1,0,-1,1,1,1,-1,1:-1.0
1,0,1,-1,0,-1,0,0,0:-0.6666666666666666
-1,1,0,-1,1,0,1,0,-1:-1.0
1,-1,0,1,1,-1,-1,1,-1:0.0
-1,0,1,-1,1,0,-1,0,1:1.0
-1,1,0,-1,1,0,1,-1,0:-0.9705882352941175
-1,-1,0,0,1,1,1,-1,0:-1.0
0,-1,1,0,0,0,-1,0,1:-0.7999999999999998
-1,0,-1,1,0,0,1,0,0:0.6
-1,0,-1,1,-1,0,1,0,1:-0.7857142857142857
-1,1,-1,1,-1,0,1,-1,1:0.0
1,-1,1,-1,0,1,0,-1,0:-1.0
-1,1,0,-1,0,-1,0,1,1:-0.3333333333333333
-1,1,1,-1,-1,-1,0,1,1:1.0
1,0,0,-1,1,1,0,-1,-1:0.10526315789473684
1,0,1,1,-1,-1,0,-1,0:-0.8
0,0,1,0,0,0,0,0,-1:-0.4999999999999999
0,-1,-1,0,0,1,0,1,0:-0.14285714285714282
1,-1,-1,1,-1,1,-1,1,0:1.0
1,1,0,-1,-1,-1,0,0,1:1.0
-1,1,0,-1,1,0,0,-1,1:-0.06250000000000001
0,-1,0,1,1,0,-1,0,0:-1.0
0,0,-1,0,1,0,0,-1,1:-0.625
0,-1,-1,1,1,0,0,-1,1:-1.0
1,0,0,0,1,1,-1,-1,-1:1.0
-1,1,1,0,0,0,0,0,-1:-0.6
-1,1,1,-1,0,1,0,0,-1:0.7142857142857143
-1,1,1,-1,-1,1,1,0,-1:1.0
0,1,-1,-1,1,0,1,0,-1:-0.4
0,1,-1,-1,1,1,1,-1,-1:0.0
0,-1,-1,-1,1,0,1,1,0:-0.5909090909090909
-1,0,0,1,-1,0,0,0,1:-0.25
-1,1,0,1,-1,0,-1,0,1:0.148936170212766
-1,0,1,-1,0,0,1,1,-1:-0.3333333333333333
-1,1,1,-1,-1,0,1,1,-1:1.0
1,0,1,1,-1,0,0,-1,-1:-1.0
0,-1,0,1,1,-1,0,0,0:-0.8571428571428572
-1,0,0,0,0,0,-1,1,1:0.48
-1,1,-1,0,0,0,-1,1,1:-0.33333333333333337
1,-1,-1,0,1,1,-1,0,0:-1.0
-1,0,1,1,-1,1,0,0,-1:1.0
1,-1,0,-1,1,1,-1,0,0:-0.5833333333333334
-1,1,1,-1,1,0,0,0,-1:-0.9199999999999998
0,0,-1,1,0,0,1,-1,0:-1.0
1,0,-1,0,-1,1,1,-1,0:-0.6666666666666666
-1,1,0,0,1,1,-1,-1,0:-1.0
0,1,-1,0,1,1,-1,-1,0:-0.33333333333333337
-1,1,0,-1,1,-1,0,0,1:-1.0
0,1,0,-1,1,1,-1,-1,0:0.8507462686567164
-1,1,0,-1,1,1,-1,-1,1:1.0
0,0,0,0,0,1,0,-1,0:-0.7068965517241379
0,-1,0,0,-1,1,1,0,0:0.8095238095238095
1,-1,0,-1,-1,1,1,0,0:0.08219178082191776
1,-1,1,-1,-1,1,1,-1,0:1.0
1,-1,1,0,0,-1,0,1,-1:-0.5
0,1,1,-1,0,-1,0,0,0:-1.0
0,1,1,0,-1,-1,0,0,0:-0.5833333333333333
1,1,0,-1,0,-1,0,-1,1:-1.0
1,0,1,-1,1,-1,-1,1,-1:-1.0
1,-1,-1,0,0,0,1,0,0:-0.6428571428571428
-1,-1,0,0,1,1,0,0,0:-1.0
-1,-1,1,0,1,1,0,0,-1:-1.0
1,-1,1,1,-1,-1,0,1,-1:-1.0
1,0,1,1,-1,-1,0,0,-1:-1.0
0,-1,0,-1,1,1,0,-1,1:-1.0
0,0,0,-1,1,1,-1,-1,1:-0.8999999999999997
0,0,0,0,0,0,1,0,-1:-0.6562499999999999
0,1,1,-1,1,0,-1,0,-1:-1.0
0,1,1,0,0,-1,-1,0,0:-1.0
-1,-1,-1,1,0,0,1,1,0:1.0
1,0,-1,0,-1,0,0,0,1:-0.44067796610169485
1,1,-1,-1,-1,0,0,0,1:0.9374999999999999
1,1,-1,-1,-1,-1,1,0,1:1.0
-1,-1,-1,1,0,0,1,0,1:1.0
-1,-1,0,0,1,1,0,-1,1:-0.8181818181818182
0,1,1,0,0,-1,0,-1,0:-0.8235294117647058
-1,0,0,-1,1,1,0,0,0:0.1203007518796993
1,-1,1,0,0,0,1,-1,-1:-1.0
1,0,1,1,-1,0,-1,0,-1:-0.5384615384615384
0,-1,1,-1,1,0,0,1,-1:-0.8759689922480621
1,-1,1,1,-1,0,-1,1,-1:0.0
0,1,0,0,0,0,-1,0,0:-0.5199999999999999
-1,1,0,1,0,0,-1,0,0:-1.0
-1,-1,1,1,1,-1,0,-1,1:-1.0
1,-1,1,1,-1,0,-1,0,0:0.14285714285714293
1,-1,1,1,-1,1,-1,-1,0:1.0
0,1,0,0,0,0,0,-1,0:-0.582089552238806
1,1,0,0,-1,0,0,-1,0:-0.9081632653061222
1,1,0,0,-1,0,-1,-1,1:-0.3333333333333333
1,1,-1,0,-1,1,-1,-1,1:1.0
0,1,0,1,1,-1,-1,0,-1:-0.375
0,1,-1,-1,1,-1,1,-1,1:-1.0
-1,0,0,0,1,-1,1,1,-1:-1.0
1,1,-1,-1,-1,1,1,0,-1:0.0
-1,0,1,1,1,-1,-1,-1,1:0.0
0,1,1,0,0,0,-1,-1,0:-0.8181818181818183
-1,1,1,1,0,0,-1,-1,0:2.3790493384824785e-17
-1,1,1,1,0,1,-1,-1,-1:1.0
1,0,-1,0,1,-1,1,-1,0:-1.0
-1,-1,1,0,-1,1,1,0,0:-0.6666666666666666
-1,-1,1,1,-1,1,1,0,-1:1.0
-1,1,0,0,1,-1,0,0,0:-0.9189189189189189
-1,1,0,0,1,-1,1,-1,0:-0.6388888888888888
-1,-1,0,1,-1,1,1,0,0:1.0
-1,-1,-1,1,-1,1,1,1,0:1.0
-1,0,0,0,1,1,-1,-1,1:-0.8095238095238094
1,-1,1,1,0,0,0,-1,-1:0.0
0,0,0,0,0,1,-1,0,0:-0.3571428571428572
0,-1,0,0,1,1,-1,0,0:-1.0
-1,0,-1,1,1,-1,1,0,0:0.9166666666666666
-1,-1,-1,1,1,-1,1,1,0:1.0
1,-1,-1,-1,-1,1,1,1,0:-1.0
-1,0,0,0,1,-1,0,0,1:-0.725806451612903
0,-1,0,0,1,0,0,-1,1:-1.0
0,1,-1,-1,1,0,0,-1,1:-0.9107142857142855
1,0,-1,1,0,0,-1,0,0:-0.5236641221374047
1,1,-1,1,0,0,-1,0,-1:1.0
-1,1,1,0,0,1,-1,-1,0:-1.0
1,-1,-1,0,1,1,1,-1,-1:-1.0
0,0,0,0,1,1,-1,0,-1:-0.7704918032786887
0,1,0,-1,1,-1,0,0,0:-0.7333333333333334
-1,0,0,1,1,0,1,-1,-1:-1.0
0,1,-1,-1,1,1,-1,-1,1:-1.0
1,1,0,0,1,-1,0,-1,-1:-1.0
1,0,-1,1,1,-1,-1,0,0:-0.7522935779816513
1,0,-1,1,1,-1,-1,1,-1:1.0
0,0,0,1,-1,0,1,0,-1:-0.6756756756756757
0,1,1,0,1,0,-1,-1,-1:1.0
-1,-1,-1,0,0,1,0,1,1:1.0
-1,0,0,0,1,0,-1,0,1:0.0030211480362537864
-1,1,-1,0,1,0,-1,0,1:-1.0
0,0,0,0,1,-1,1,-1,0:-0.6666666666666666
-1,0,0,1,-1,0,1,0,0:0.1497395833333334
-1,1,-1,1,-1,0,1,0,0:0.11111111111111109
0,0,-1,1,-1,0,1,0,0:-0.9047619047619047
0,0,0,0,1,-1,0,-1,1:-1.0
0,-1,0,0,1,0,-1,0,1:-0.9411764705882353
0,0,-1,0,1,0,-1,0,1:-1.0
0,0,0,-1,1,0,-1,0,1:-0.6562499999999999
0,-1,0,0,1,-1,0,0,1:-1.0
0,0,-1,0,1,-1,0,0,1:-1.0
-1,-1,1,0,-1,1,0,1,0:-0.5
-1,-1,1,1,-1,1,0,1,-1:1.0
1,-1,1,0,-1,1,-1,0,0:-0.5714285714285714
1,-1,1,0,-1,1,-1,1,-1:0.0
0,0,0,-1,1,-1,0,0,1:-1.0
-1,1,1,1,0,-1,0,0,-1:-0.3333333333333333
-1,1,1,1,-1,-1,0,1,-1:1.0
0,0,0,0,1,0,1,-1,-1:-0.9791666666666666
1,-1,1,-1,-1,1,1,0,-1:0.0
0,0,0,0,1,-1,-1,0,1:-0.9545454545454545
-1,-1,1,-1,1,1,0,1,-1:-1.0
-1,0,1,0,1,0,0,0,-1:-0.917808219178082
-1,1,0,1,1,-1,-1,0,0:-0.7142857142857143
0,0,0,0,1,0,-1,-1,1:-0.826086956521739
0,1,-1,0,1,1,0,-1,-1:-1.0
0,1,0,-1,1,1,0,-1,-1:0.08947368421052625
-1,1,0,-1,1,1,1,-1,-1:-1.0
0,1,0,0,1,1,-1,-1,-1:1.0
0,-1,1,0,1,0,0,0,-1:-0.88
-1,-1,0,1,-1,1,0,0,1:-1.0
-1,1,0,0,1,0,1,-1,-1:-1.0
0,0,-1,0,1,0,0,1,-1:-0.7554054054054061
0,0,0,-1,1,0,0,1,-1:-0.9235580264072261
0,-1,-1,0,0,1,0,0,1:0.8333333333333334
-1,1,0,0,1,-1,-1,0,1:-0.22222222222222227
-1,-1,1,1,1,0,-1,1,-1:-1.0
0,1,0,-1,1,0,1,-1,-1:-0.7323943661971832
1,-1,0,0,0,1,-1,0,0:-1.0
1,-1,-1,0,-1,1,0,0,1:0.8461538461538461
-1,0,0,0,1,1,1,-1,-1:-1.0
-1,-1,0,1,1,0,0,1,-1:-0.8931297709923667
0,1,1,0,0,-1,0,0,-1:-1.0
0,0,0,-1,1,1,0,0,-1:-0.15300546448087435
0,0,-1,-1,1,1,0,1,-1:-0.9146919431279618
-1,0,-1,-1,1,1,1,1,-1:-1.0
0,0,0,0,1,-1,0,1,-1:-0.7848684210526321
1,-1,0,0,1,-1,0,1,-1:-0.0303030303030303
0,-1,1,0,1,-1,0,1,-1:-0.8895622895622889
-1,0,1,0,0,0,1,0,-1:-0.7241379310344825
-1,1,-1,0,0,1,1,-1,0:-1.0
-1,1,-1,1,0,1,1,-1,-1:-1.0
0,-1,1,-1,1,1,0,0,-1:-0.7777777777777779
0,0,1,-1,1,0,0,0,-1:-0.9583333333333333
0,0,1,0,1,0,-1,0,-1:-0.048143053645117
0,-1,0,-1,1,0,0,1,0:-0.6808510638297873
1,-1,0,-1,1,-1,0,1,0:-1.0
-1,1,-1,-1,0,1,1,0,0:0.0
-1,1,0,0,0,-1,1,0,0:-1.0
-1,1,0,-1,0,-1,1,0,1:-1.0
-1,0,1,0,1,0,-1,1,-1:-0.8124999999999999
-1,0,1,1,1,-1,-1,1,-1:-1.0
0,-1,1,0,1,0,-1,1,-1:-0.0946785673935153
0,-1,1,0,1,1,-1,0,-1:-1.0
1,0,0,0,-1,1,0,0,-1:0.0
1,1,-1,0,-1,1,0,0,-1:-1.3877787807814457e-17
0,-1,1,1,1,-1,-1,1,-1:0.0
0,1,0,0,1,-1,1,-1,-1:-0.763157894736842
0,-1,0,-1,1,1,0,1,-1:-0.08710348413936551
-1,0,0,-1,1,1,0,1,-1:-0.8817733990147786
0,-1,1,-1,1,1,-1,1,-1:0.0
-1,-1,0,-1,1,1,1,1,-1:-1.0
0,1,0,-1,1,1,-1,0,-1:-0.6470588235294118
0,0,0,-1,1,1,-1,1,-1:-0.7217741935483871
1,-1,1,0,-1,-1,0,1,0:0.05217391304347826
0,0,-1,-1,1,0,0,1,0:-0.8999999999999999
-1,0,-1,-1,1,1,0,1,0:-1.0
0,0,0,0,0,-1,1,0,0:-0.5714285714285717
1,0,-1,0,0,-1,1,0,0:-1.0
1,0,-1,-1,1,1,-1,1,-1:-1.0
-1,0,1,-1,1,1,0,0,-1:-0.8666666666666667
0,0,1,-1,1,1,-1,0,-1:0.9611111111111111
-1,0,1,-1,1,1,-1,1,-1:1.0
-1,0,-1,0,1,1,1,0,-1:-0.9322033898305084
0,-1,-1,0,1,0,1,1,-1:0.9084628670120903
0,-1,-1,-1,1,1,1,1,-1:0.0
-1,1,-1,0,-1,0,0,1,1:-1.0
1,1,-1,0,0,0,-1,0,0:-0.5384615384615384
1,0,0,0,1,-1,1,-1,-1:-1.0
-1,-1,0,0,0,0,1,0,1:-1.0
-1,-1,1,0,0,-1,1,0,1:-1.0
-1,-1,1,1,-1,-1,1,0,1:-1.0
-1,0,1,0,1,1,-1,0,-1:-0.6666666666666667
0,0,0,0,1,-1,1,0,-1:-0.5294117647058824
1,0,-1,0,1,-1,1,0,-1:1.0
1,1,0,0,0,-1,-1,0,0:-1.0
1,0,0,0,-1,1,-1,0,0:-0.11111111111111113
1,1,-1,0,-1,1,-1,0,0:1.0
0,-1,1,0,0,0,1,0,-1:-1.0
1,-1,1,0,0,-1,1,0,-1:-1.0
-1,1,0,0,1,-1,1,0,-1:-1.0
0,1,-1,0,0,-1,1,0,0:-0.5
0,0,1,-1,0,0,1,0,-1:-0.7333333333333334
0,0,0,-1,1,-1,0,1,0:-1.0
1,0,0,-1,1,-1,0,1,-1:-1.0
0,1,-1,0,1,-1,1,0,-1:1.0
0,0,1,0,-1,0,1,0,-1:-1.0
1,-1,1,0,-1,0,1,0,-1:-1.0
0,1,-1,1,0,0,-1,0,0:-1.0
0,1,-1,1,1,-1,-1,0,0:-1.0
1,1,0,-1,0,-1,0,0,0:-1.0
-1,0,0,0,1,-1,-1,1,1:-0.8333333333333335
0,0,0,1,1,-1,0,0,-1:0.011323425336164216
0,-1,1,1,1,-1,0,0,-1:-0.7471264367816091
-1,1,0,1,-1,1,0,0,-1:1.0
1,-1,1,-1,0,1,-1,0,0:-0.6666666666666666
0,-1,-1,1,1,0,0,1,-1:-0.6792452830188676
-1,-1,-1,1,1,0,1,1,-1:1.0
1,-1,-1,1,-1,0,0,0,1:-0.3333333333333333
0,-1,-1,0,1,1,0,0,0:-0.7499999999999999
-1,1,0,-1,-1,0,0,1,1:-0.33333333333333337
-1,0,1,-1,1,0,0,1,-1:-0.8636363636363638
0,0,1,-1,1,0,-1,1,-1:-0.7462686567164176
-1,0,0,1,1,0,-1,0,0:-0.8235294117647057
0,0,0,0,0,0,0,-1,1:-0.5
1,-1,0,0,0,0,0,-1,1:-0.6170212765957445
1,-1,-1,1,0,0,0,-1,1:-1.0
0,0,1,0,0,-1,1,0,-1:-1.0
1,0,1,-1,0,-1,1,0,-1:-1.0
0,0,-1,0,-1,1,0,1,0:-0.39999999999999997
-1,0,-1,0,-1,1,1,1,0:-1.0
-1,1,-1,-1,-1,1,1,1,0:-1.0
-1,0,-1,0,1,1,0,1,-1:-1.0
1,0,-1,0,0,1,0,0,-1:-1.0
1,-1,-1,0,0,1,0,1,-1:-1.0
1,-1,-1,1,-1,1,0,1,-1:-1.0
-1,0,0,-1,1,1,1,0,-1:-1.0
1,0,-1,0,0,0,0,-1,1:-0.75
1,1,-1,-1,0,0,0,-1,1:-1.0
0,-1,0,-1,1,1,1,0,-1:-0.8392857142857142
-1,0,0,1,1,-1,-1,1,0:-0.8666666666666666
0,-1,0,0,1,-1,1,1,-1:-0.7894736842105265
0,0,-1,-1,1,1,1,0,-1:-0.096072186836518
-1,1,0,-1,-1,1,-1,1,1:1.0
0,1,-1,0,1,-1,0,-1,1:-0.9056603773584907
1,0,0,-1,0,1,0,0,-1:-1.0
1,0,0,-1,0,-1,1,0,0:0.0
-1,1,1,-1,0,-1,0,1,0:-1.0
0,-1,-1,0,0,1,1,0,0:0.375
-1,-1,-1,0,1,1,1,0,0:1.0
1,0,-1,1,-1,-1,0,0,1:-0.7647058823529411
-1,0,0,-1,1,0,-1,1,1:1.0
1,-1,-1,-1,0,1,1,0,0:-0.2
0,0,0,0,-1,1,0,1,-1:0.14444444444444446
1,0,-1,0,-1,1,0,1,-1:0.08290155440414508
1,1,-1,-1,-1,1,0,1,-1:0.0
-1,0,1,1,0,-1,0,0,0:0.07142857142857142
0,-1,1,-1,1,0,0,0,0:-0.8907563025210085
0,-1,0,0,1,-1,0,1,0:-0.6551724137931035
1,1,-1,0,-1,1,1,-1,-1:-1.0
0,0,1,-1,1,-1,0,0,0:-0.9354838709677422
0,0,-1,1,1,-1,-1,1,0:-1.0
0,1,1,0,0,0,0,-1,-1:-0.6666666666666667
-1,1,1,0,0,0,1,-1,-1:-1.0
0,0,1,-1,1,0,-1,0,0:-0.6136363636363636
-1,0,0,0,1,1,-1,1,-1:-1.0
1,0,-1,1,-1,1,0,0,-1:0.0
-1,-1,0,-1,1,0,1,1,0:-0.8
0,0,0,-1,0,0,1,0,0:-0.53125
1,-1,0,-1,0,0,1,0,0:-1.0
1,-1,0,-1,0,-1,1,0,1:-1.0
-1,0,-1,0,0,0,1,1,0:-1.0
-1,1,-1,-1,0,0,1,1,0:-1.0
-1,-1,-1,0,1,1,1,-1,1:1.0
0,-1,0,0,0,-1,1,0,1:-1.0
1,-1,-1,0,0,-1,1,0,1:-1.0
1,0,1,0,0,-1,-1,0,0:-1.0
0,-1,0,0,1,1,-1,1,-1:-0.7777777777777781
0,-1,0,1,1,-1,-1,1,0:-0.07446808510638304
1,0,0,-1,1,-1,1,0,-1:-0.5555555555555556
-1,0,1,0,-1,0,0,0,1:-0.7317073170731707
1,-1,0,-1,0,0,0,1,0:-1.0
1,-1,-1,-1,0,0,1,1,0:-0.6666666666666666
1,-1,1,-1,0,0,1,0,-1:-0.8679245283018867
0,0,1,1,1,-1,0,-1,-1:-0.5409836065573772
-1,0,-1,1,1,-1,1,-1,1:0.0
1,-1,1,1,-1,0,-1,-1,1:1.0
1,-1,-1,0,-1,1,1,1,-1:-1.0
0,-1,-1,0,0,0,1,1,0:-0.4
1,-1,-1,0,-1,0,1,1,0:-1.0
-1,0,0,0,-1,1,0,1,0:-0.4736842105263158
-1,1,-1,0,-1,1,0,1,0:0.7142857142857144
0,0,-1,-1,0,0,1,1,0:-0.8333333333333334
0,0,1,1,0,-1,-1,0,0:-1.3877787807814457e-17
0,0,-1,0,0,-1,1,0,1:-1.0
1,0,-1,0,0,-1,1,-1,1:-1.0
1,1,-1,-1,0,-1,1,-1,1:-1.0
0,0,1,1,0,-1,-1,1,-1:-0.3333333333333333
1,-1,1,1,0,-1,-1,1,-1:0.0
-1,1,-1,0,-1,1,1,1,-1:1.0
-1,0,1,0,0,-1,0,0,1:-0.29787234042553196
-1,-1,1,1,0,-1,0,0,1:-1.0
-1,-1,1,1,0,-1,1,-1,1:-1.0
0,0,0,-1,1,0,0,-1,1:-1.0
0,0,-1,0,-1,0,1,1,0:-0.7656249999999998
0,-1,-1,0,-1,1,1,1,0:-1.0
0,0,0,0,-1,0,1,0,0:-0.02519596864501689
-1,0,1,0,0,0,0,-1,1:-1.0
-1,1,1,-1,0,0,0,-1,1:-1.0
-1,-1,1,0,0,0,-1,1,1:-1.0
-1,-1,1,1,-1,0,-1,1,1:-1.0
-1,1,-1,0,0,0,1,1,-1:-1.0
-1,-1,0,0,-1,1,0,1,1:-0.6666666666666666
-1,0,0,1,0,0,0,-1,1:0.0
-1,1,-1,1,0,0,0,-1,1:0.0
1,1,0,-1,0,0,0,0,-1:-1.0
0,-1,-1,0,1,0,-1,1,1:-0.75
0,-1,-1,-1,1,1,-1,1,1:-1.0
0,0,0,0,-1,-1,1,0,1:-0.7021276595744681
0,-1,0,1,-1,0,1,0,0:-1.0
-1,-1,1,0,1,1,-1,1,-1:-1.0
-1,1,-1,-1,-1,1,1,0,1:-1.0
-1,-1,0,1,-1,1,1,-1,1:1.0
-1,-1,0,1,-1,0,1,1,0:-0.7500000000000001
-1,1,0,-1,1,0,-1,0,1:1.0
0,1,1,1,-1,-1,0,-1,0:-0.6
-1,1,1,1,-1,-1,0,-1,1:0.0
0,0,0,-1,0,-1,1,0,1:-0.7142857142857143
1,0,-1,-1,0,-1,1,0,1:-1.0
1,1,-1,0,-1,-1,0,0,1:0.9047619047619047
1,1,-1,1,-1,-1,-1,0,1:1.0
1,0,0,0,0,1,-1,0,-1:-1.0
1,1,-1,0,0,1,-1,0,-1:-1.0
1,1,-1,-1,0,1,-1,1,-1:-1.0
-1,0,-1,1,-1,0,1,1,0:-0.6363636363636364
-1,0,1,-1,-1,0,0,1,1:-1.0
1,1,0,0,0,0,-1,-1,0:-1.0
0,0,1,0,0,0,-1,-1,1:-0.6666666666666666
1,-1,1,0,0,0,-1,-1,1:-0.2
0,-1,-1,0,1,1,-1,1,0:-0.9333333333333332
0,-1,0,-1,1,1,0,0,0:-0.6521739130434784
-1,-1,1,1,0,-1,-1,1,1:0.0
-1,0,0,1,0,0,-1,0,1:-0.33333333333333337
-1,1,-1,1,0,0,-1,0,1:-1.0
-1,0,-1,0,-1,1,0,1,1:-0.7777777777777778
0,-1,0,1,0,0,-1,0,1:-0.5
1,-1,-1,1,0,0,-1,0,1:-1.0
-1,-1,0,0,1,1,0,1,-1:-0.9130434782608694
-1,0,1,1,0,0,0,0,-1:-0.3333333333333333
0,-1,-1,0,1,1,0,1,-1:-0.8987341772151898
0,0,0,0,0,-1,1,-1,1:-0.3888888888888889
0,-1,0,1,0,-1,1,-1,1:-1.0
-1,1,0,0,-1,-1,1,0,1:-0.25
0,0,0,0,0,0,1,-1,0:-0.6200000000000001
0,0,0,1,-1,0,1,-1,0:-0.7105263157894736
0,-1,0,-1,1,1,-1,1,0:0.07009345794392526
-1,0,0,-1,-1,1,0,1,1:-1.0
-1,-1,1,0,0,1,0,0,0:-0.6666666666666666
-1,0,1,1,0,-1,-1,1,0:0.0
-1,0,0,1,-1,0,1,1,-1:1.0
-1,-1,0,0,1,1,1,0,-1:-1.0
0,0,-1,0,-1,0,0,1,1:-0.6363636363636364
1,0,-1,-1,-1,0,0,1,1:-0.3333333333333333
1,1,-1,-1,-1,-1,0,1,1:1.0
1,0,0,-1,-1,0,0,0,1:0.08695652173913039
0,0,-1,0,1,1,-1,1,-1:-1.0
0,-1,0,1,1,-1,0,1,-1:0.050078247261345916
1,0,1,-1,-1,-1,0,0,1:1.0
-1,0,0,0,-1,0,1,1,0:-0.8529411764705885
1,0,0,0,-1,0,0,-1,1:-0.20454545454545459
1,0,1,-1,-1,0,0,-1,1:-1.0
1,1,0,0,-1,0,0,0,-1:-0.8205128205128203
0,0,0,0,-1,1,-1,1,0:-0.10714285714285714
-1,0,0,0,-1,1,-1,1,1:-0.6190476190476191
1,0,-1,-1,0,0,1,0,0:-0.10000000000000002
0,0,0,0,-1,0,1,1,-1:0.1026252983293556
-1,1,0,0,0,0,1,0,-1:-0.3333333333333333
-1,1,0,0,-1,0,1,1,-1:1.0
0,0,-1,1,1,-1,0,0,0:-0.006060606060606051
0,0,-1,1,1,-1,0,1,-1:1.0
1,-1,0,0,-1,1,-1,1,0:-0.2
0,0,-1,1,0,0,-1,0,1:-1.0
-1,0,-1,1,1,0,-1,0,1:-0.7500000000000001
-1,0,1,0,0,1,0,-1,0:-1.0
1,0,-1,-1,-1,1,0,0,1:0.026178010471204185
1,-1,-1,-1,-1,1,1,0,1:-1.0
-1,-1,0,1,0,0,0,0,1:0.0
0,-1,1,0,1,-1,0,0,0:-0.9070373588184183
0,0,0,1,-1,1,0,-1,0:0.6923076923076924
1,0,0,1,-1,1,0,-1,-1:0.0
1,0,1,1,-1,1,-1,-1,-1:1.0
0,-1,-1,0,1,1,1,0,-1:-0.8028169014084506
-1,1,-1,-1,0,1,-1,1,1:1.0
-1,-1,0,1,1,0,-1,0,1:-0.30303030303030304
-1,1,1,0,0,0,-1,-1,1:-1.0
-1,1,1,0,0,-1,-1,0,1:0.16666666666666669
-1,-1,1,-1,1,0,-1,1,1:1.0
0,1,1,-1,0,0,0,0,-1:-0.6666666666666666
1,-1,0,0,0,1,0,-1,0:-2.7755575615628914e-17
1,-1,1,0,-1,1,0,-1,0:1.0
-1,0,1,1,-1,-1,0,0,1:-0.07964601769911504
1,-1,-1,0,-1,1,1,-1,1:1.0
1,-1,1,-1,0,-1,-1,1,1:-1.0
1,0,-1,0,0,-1,0,0,1:-1.0
1,-1,0,0,-1,0,1,0,0:-1.0
1,0,-1,0,0,0,-1,0,1:-0.6153846153846154
1,0,-1,0,-1,0,1,0,0:-0.923076923076923
1,1,-1,-1,-1,0,1,0,0:0.11854545454545455
1,0,-1,1,-1,0,-1,0,1:1.0
0,1,-1,0,1,1,-1,0,-1:-1.0
0,1,-1,-1,-1,0,0,1,1:-1.0
1,0,-1,-1,0,1,-1,0,1:-0.3333333333333333
0,-1,1,-1,0,0,-1,1,1:-1.0
1,-1,1,-1,-1,0,-1,1,1:-1.0
-1,-1,0,0,1,-1,1,0,1:-1.0
1,0,0,-1,-1,1,-1,0,1:-0.6000000000000001
-1,-1,-1,1,1,-1,1,0,1:1.0
0,-1,1,0,-1,0,-1,1,1:-0.75
0,-1,1,1,-1,-1,-1,1,1:0.0
1,0,0,-1,-1,1,-1,1,0:2.7755575615628914e-17
1,0,-1,-1,-1,1,-1,1,1:1.0
0,0,0,-1,1,1,-1,0,0:0.08968609865470852
0,-1,1,1,1,0,-1,0,-1:-1.0
1,0,1,0,0,-1,0,-1,0:-1.0
0,1,1,0,-1,0,0,0,-1:-1.0
-1,1,0,0,1,1,-1,0,-1:-1.0
-1,1,0,0,-1,0,1,0,0:-0.058823529411764705
-1,1,1,-1,-1,0,1,0,0:0.6363636363636365
-1,1,0,1,-1,0,1,-1,0:0.13636363636363638
-1,0,0,1,1,-1,1,0,-1:-0.4545454545454546
1,0,0,-1,-1,0,1,0,0:0.1455399061032864
1,0,-1,-1,0,0,0,1,0:-0.625
1,1,-1,-1,-1,0,0,1,0:0.8
1,1,-1,-1,-1,1,-1,1,0:1.0
-1,0,0,-1,1,-1,1,0,1:-1.0
1,0,0,-1,0,0,0,-1,1:-1.0
1,-1,0,-1,-1,1,1,1,-1:0.0
-1,-1,0,0,1,-1,1,1,0:-0.7999999999999999
1,0,0,1,-1,-1,0,0,0:-0.8888888888888888
1,0,0,1,-1,0,-1,0,0:0.1891891891891892
1,1,-1,1,-1,0,-1,0,0:1.0
0,1,1,0,0,0,-1,0,-1:-1.0
0,1,-1,1,-1,0,0,0,0:-0.09999999999999998
0,-1,-1,0,0,0,0,1,1:-0.7142857142857143
1,0,0,-1,-1,1,0,-1,1:-0.4
-1,-1,1,0,1,0,-1,0,1:-0.6438356164383562
0,0,-1,0,0,-1,1,1,0:-1.0
1,-1,-1,0,0,-1,1,1,0:-1.0
0,0,-1,-1,1,0,1,1,-1:-0.5849056603773585
-1,-1,-1,0,1,1,1,1,-1:1.0
0,0,1,1,1,-1,-1,0,-1:0.019029495718363463
0,-1,0,1,1,-1,1,0,-1:-1.0
1,0,-1,1,-1,0,-1,1,0:1.0
-1,0,1,-1,0,-1,0,1,1:-1.0
-1,-1,1,-1,1,-1,0,1,1:-1.0
0,-1,1,1,0,0,0,0,-1:-1.0
0,0,-1,1,1,-1,1,0,-1:1.0
0,0,0,1,0,-1,1,-1,0:-0.8421052631578948
-1,0,0,1,0,-1,1,-1,1:0.0
1,-1,1,-1,-1,-1,0,1,1:1.0
1,0,-1,-1,-1,1,1,-1,1:0.0
-1,1,0,0,-1,1,-1,1,0:1.0
-1,1,1,0,-1,1,-1,1,-1:1.0
-1,0,-1,0,1,-1,1,1,0:-1.0
0,-1,-1,0,-1,1,0,1,1:-0.6666666666666666
1,0,0,0,-1,0,-1,1,0:0.12000000000000002
1,1,-1,0,-1,0,-1,1,0:1.0
0,1,-1,0,-1,0,0,1,0:0.31250000000000006
0,1,-1,0,-1,-1,0,1,1:-0.4285714285714286
0,0,1,1,0,-1,0,0,-1:-0.1333333333333333
-1,0,1,0,-1,1,-1,1,0:-1.0
-1,0,0,0,-1,0,1,0,1:-0.8846153846153846
-1,1,0,1,-1,-1,1,-1,1:0.0
0,0,1,0,0,0,1,-1,-1:-1.0
1,0,1,-1,0,0,1,-1,-1:-1.0
0,-1,1,0,-1,1,-1,1,0:-0.25
0,-1,1,1,-1,1,-1,1,-1:0.0
-1,0,-1,1,1,0,1,0,-1:-1.0
1,-1,0,1,-1,0,0,-1,1:1.0
0,0,-1,1,1,0,-1,0,0:-1.0
0,1,-1,1,1,0,-1,0,-1:-1.0
0,-1,-1,0,0,0,1,0,1:-1.0
1,-1,-1,-1,0,0,1,0,1:-1.0
0,1,-1,-1,0,0,1,0,0:-1.3877787807814457e-17
0,0,1,0,-1,1,-1,1,-1:-0.5
0,0,1,-1,1,-1,0,1,-1:-1.0
0,0,-1,0,0,0,1,1,-1:0.6153846153846154
1,-1,-1,0,0,0,1,1,-1:-1.0
-1,1,0,0,-1,0,0,0,1:-0.1818181818181818
-1,1,1,0,-1,0,-1,0,1:-0.3225806451612903
0,0,1,1,-1,0,1,-1,-1:-1.0
-1,0,1,0,1,-1,0,1,-1:-1.0
1,-1,1,0,-1,-1,1,0,0:-1.0
0,1,-1,-1,1,0,1,-1,0:-0.06666666666666667
1,-1,1,-1,-1,0,1,0,0:0.8
1,-1,1,-1,-1,-1,1,1,0:1.0
0,0,-1,-1,-1,1,1,1,0:-0.4
1,0,-1,-1,-1,1,1,1,-1:0.0
1,-1,0,-1,-1,1,0,1,0:-0.33333333333333337
0,-1,0,1,-1,0,0,0,1:0.3625
0,-1,-1,1,-1,1,0,0,1:1.0
-1,-1,-1,1,-1,1,1,0,1:1.0
0,-1,0,-1,1,0,1,1,-1:-0.9242424242424241
-1,-1,0,-1,1,1,1,0,0:-0.7142857142857143
-1,0,-1,-1,1,1,1,0,0:0.0879120879120879
-1,0,-1,1,1,-1,0,0,1:0.007518796992481201
-1,1,0,1,-1,1,0,-1,0:0.6666666666666667
-1,1,1,1,-1,1,0,-1,-1:1.0
1,-1,0,-1,-1,0,0,1,1:-0.5555555555555556
1,-1,0,-1,-1,1,-1,1,1:-1.0
0,-1,1,0,0,-1,-1,1,1:0.0
-1,-1,1,0,1,-1,-1,1,1:0.0
0,0,-1,0,1,1,1,-1,-1:-0.39024390243902435
0,-1,-1,1,-1,0,1,1,0:-1.0
1,0,-1,-1,-1,1,0,1,0:2.42861286636753e-17
1,0,0,0,-1,-1,1,0,0:-0.75
1,1,-1,0,-1,-1,1,0,0:-0.6144578313253012
0,0,0,1,1,-1,-1,0,0:-0.1434599156118143
0,1,-1,1,-1,-1,-1,1,1:1.0
0,1,0,1,-1,0,-1,0,0:0.05882352941176473
1,0,0,0,0,-1,1,-1,0:-1.0
1,1,-1,0,0,-1,1,-1,0:-1.0
1,1,-1,0,-1,-1,1,-1,1:-1.0
1,0,0,0,0,1,0,-1,-1:0.16666666666666666
-1,0,-1,0,1,-1,1,0,1:-0.6235294117647059
-1,0,-1,1,1,0,0,1,-1:-0.8095238095238093
0,0,-1,1,-1,-1,0,1,1:-1.0
1,-1,-1,1,-1,-1,0,1,1:-1.0
0,0,0,-1,-1,0,0,1,1:-0.2
1,-1,0,-1,-1,1,1,-1,1:1.0
0,-1,0,0,1,1,1,-1,-1:-1.0
1,0,1,-1,0,-1,-1,0,1:-1.0
-1,1,0,0,1,-1,0,-1,1:-0.12500000000000003
-1,1,1,-1,1,-1,0,-1,1:-1.0
1,0,0,0,-1,1,1,-1,-1:-1.0
1,1,0,-1,-1,1,1,-1,-1:-1.0
-1,-1,1,0,0,1,1,0,-1:-1.0
1,0,0,1,0,-1,-1,0,0:-0.2857142857142857
1,1,0,1,0,-1,-1,-1,0:0.0
0,0,-1,-1,1,1,0,0,0:-0.1415525114155251
-1,0,-1,1,0,-1,1,1,0:-0.3333333333333333
-1,1,-1,1,0,-1,1,1,-1:1.0
0,0,0,0,-1,-1,0,1,1:0.0
0,1,1,-1,0,0,-1,-1,1:-0.2
-1,0,1,1,-1,0,0,-1,1:-0.5
0,-1,1,1,-1,-1,1,0,0:0.0
0,-1,1,1,-1,-1,1,-1,1:1.0
0,0,1,1,1,0,-1,-1,-1:1.0
-1,-1,1,0,-1,0,0,1,1:-1.0
1,-1,0,-1,-1,0,1,1,0:-0.3888888888888889
0,-1,1,1,-1,-1,0,0,1:-0.10000000000000002
0,1,1,0,-1,-1,1,-1,0:-1.0
1,-1,0,0,0,1,1,-1,-1:-0.3333333333333333
1,-1,1,0,-1,1,1,-1,-1:1.0
-1,0,0,0,0,-1,0,1,1:-1.0
-1,0,1,0,-1,0,1,0,0:-0.35714285714285715
0,0,1,0,1,-1,-1,1,-1:-0.6666666666666666
0,-1,1,0,-1,0,1,0,0:0.05882352941176473
0,-1,1,-1,0,1,0,0,0:-0.5294117647058824
0,0,1,-1,-1,0,1,0,0:0.10465116279069772
0,1,1,-1,-1,-1,1,0,0:1.0
1,-1,0,0,-1,1,0,1,-1:-0.046511627906976744
0,0,0,-1,-1,1,0,1,0:-0.14285714285714288
1,0,1,-1,-1,1,-1,1,-1:-1.0
-1,-1,0,0,0,1,-1,1,1:-1.0
0,0,0,-1,-1,1,0,0,1:-0.8243243243243245
-1,0,0,-1,-1,1,1,0,1:-1.0
0,-1,1,1,-1,-1,0,1,0:-0.5714285714285714
-1,0,1,-1,0,0,-1,1,1:1.0
-1,0,0,1,-1,0,-1,1,1:0.06521739130434784
0,-1,1,1,-1,0,0,1,-1:-0.009523809523809523
0,0,0,1,-1,0,-1,0,1:-0.08333333333333333
0,0,0,0,0,1,0,0,-1:-0.21818181818181823
1,1,0,-1,-1,1,0,0,-1:-1.0
-1,1,-1,0,-1,0,1,1,0:-1.0
0,0,1,-1,0,1,0,-1,0:-1.0
-1,-1,-1,0,0,1,1,0,1:1.0
1,-1,-1,1,0,-1,0,1,0:-1.0
-1,0,0,1,1,-1,0,1,-1:-1.0
0,-1,0,0,-1,1,0,0,1:-0.7837837837837838
1,-1,-1,0,-1,0,1,0,1:-1.0
0,0,1,-1,-1,0,0,1,0:-1.0
1,0,1,-1,-1,0,-1,1,0:-1.0
-1,-1,1,0,0,-1,0,1,1:0.0
1,0,-1,-1,-1,0,1,0,1:-1.0
0,1,1,1,-1,0,-1,-1,0:-1.0
-1,-1,0,0,-1,1,1,0,1:-1.0
-1,-1,0,1,-1,0,1,0,1:-0.7499999999999999
-1,0,0,-1,1,-1,1,1,0:-1.0
0,-1,1,1,-1,0,-1,1,0:-0.125
0,0,1,-1,-1,1,1,-1,0:-0.75
1,0,-1,0,-1,-1,1,0,1:-0.7333333333333334
0,-1,1,1,-1,0,-1,0,1:-0.7142857142857143
0,-1,-1,0,-1,1,1,0,1:-0.59375
-1,-1,1,-1,-1,1,1,1,0:-1.0
-1,0,-1,0,0,1,-1,1,1:1.0
0,-1,1,1,-1,0,0,-1,1:1.0
0,1,-1,-1,1,0,-1,0,1:-1.0
0,-1,1,0,0,1,0,-1,0:-1.0
1,0,0,0,0,-1,1,0,-1:-1.0
1,0,1,0,-1,-1,1,0,-1:-1.0
1,0,-1,0,-1,0,1,-1,1:-0.6600000000000001
1,1,-1,-1,-1,0,1,-1,1:0.0
-1,1,0,0,-1,0,0,1,0:0.8545454545454546
-1,0,1,-1,-1,0,1,0,1:-1.0
1,1,-1,0,0,1,0,-1,-1:-1.0
-1,0,1,1,-1,-1,-1,1,1:0.0
-1,-1,1,1,-1,0,1,0,0:1.0
-1,-1,1,1,-1,0,1,-1,1:1.0
-1,-1,1,0,0,0,1,0,0:-1.0
-1,0,1,-1,0,0,1,0,0:-0.5
-1,1,-1,0,-1,1,1,-1,1:0.0
0,-1,1,-1,-1,1,1,0,0:-0.75
0,-1,1,-1,-1,1,1,1,-1:0.0
-1,0,0,1,1,0,-1,1,-1:-1.0
0,1,-1,0,0,-1,0,0,1:-0.2
-1,0,1,-1,-1,1,1,1,-1:1.0
0,-1,0,-1,0,0,1,0,1:-0.5555555555555556
1,-1,0,-1,-1,0,1,0,1:-0.6
1,-1,1,-1,-1,-1,1,0,1:1.0
1,0,-1,-1,0,0,1,-1,1:-0.7142857142857143
0,-1,0,1,1,0,-1,1,-1:-0.85
0,0,1,-1,-1,1,-1,1,0:-1.0
0,0,-1,1,1,-1,-1,0,1:-1.0
-1,-1,0,-1,1,1,0,1,0:0.6666666666666666
-1,-1,-1,-1,1,1,1,1,0:1.0
0,-1,-1,1,-1,0,1,0,1:-1.0
-1,0,1,-1,-1,1,0,1,0:-0.33333333333333337
1,0,0,-1,-1,-1,0,1,1:1.0
0,0,0,0,-1,0,-1,1,1:0.16666666666666674
1,0,0,-1,-1,0,-1,1,1:1.0
1,1,-1,-1,-1,0,-1,1,1:1.0
-1,-1,0,-1,1,1,0,0,1:-0.7446808510638298
0,-1,1,-1,-1,0,1,0,1:-1.0
0,-1,-1,0,1,0,0,0,1:-0.7777777777777778
1,-1,0,0,-1,1,-1,0,1:-1.0
-1,1,0,0,-1,0,-1,1,1:0.9374999999999996
-1,1,1,-1,-1,0,-1,1,1:1.0
-1,0,0,-1,0,1,1,0,0:-0.2
1,-1,1,0,0,-1,1,-1,0:-1.0
-1,0,0,-1,1,1,-1,0,1:1.0
0,0,-1,0,-1,1,1,1,-1:-0.2
-1,0,1,0,-1,0,-1,1,1:-1.0
-1,-1,1,-1,0,0,1,0,1:-1.0
0,1,0,0,-1,1,-1,1,-1:1.0
1,1,-1,0,-1,1,-1,1,-1:1.0
0,-1,1,-1,0,0,0,0,1:-1.0
-1,0,1,-1,0,1,0,0,0:-1.0
0,1,0,1,0,-1,-1,0,0:0.0
0,0,1,-1,-1,0,-1,1,1:-0.19999999999999996
1,0,1,-1,-1,-1,-1,1,1:1.0
1,-1,0,0,0,0,-1,1,0:0.0
-1,0,1,1,0,0,-1,-1,1:0.0
0,-1,-1,0,1,-1,1,1,0:-1.0
1,-1,1,0,0,1,0,-1,-1:1.0
1,-1,1,1,-1,1,0,-1,-1:1.0
0,1,0,-1,-1,-1,0,1,1:1.0
0,-1,0,1,-1,0,-1,1,1:0.14545454545454548
1,-1,-1,1,-1,0,-1,1,1:1.0
0,0,0,-1,-1,1,-1,1,1:2.7755575615628914e-17
-1,-1,0,1,0,0,-1,1,1:0.0
-1,0,-1,1,0,0,-1,1,1:1.0
-1,-1,-1,1,1,0,-1,1,1:1.0
1,1,-1,0,-1,1,0,-1,0:0.10526315789473689
1,1,-1,1,-1,1,-1,-1,0:1.0
0,1,0,0,-1,0,-1,0,1:-0.28571428571428575
1,1,-1,0,-1,0,-1,0,1:1.0
1,0,1,-1,0,0,-1,-1,1:-1.0
-1,1,1,-1,0,0,1,0,-1:-1.0
1,0,0,0,-1,1,-1,1,-1:-9.25185853854297e-18
0,0,1,-1,-1,-1,1,0,1:1.0
-1,1,1,0,-1,0,1,0,-1:1.0
0,-1,1,-1,0,0,1,0,0:0.0
-1,0,0,-1,1,1,-1,1,0:1.0
-1,0,-1,1,-1,1,-1,1,1:1.0
1,0,-1,1,1,0,-1,0,-1:-0.7894736842105264
0,0,-1,-1,0,0,1,0,1:-0.875
1,-1,0,0,-1,0,1,1,-1:-0.8214285714285715
1,-1,1,-1,-1,0,1,1,-1:0.0
1,0,0,1,-1,0,0,-1,0:-0.6666666666666666
0,0,-1,0,-1,1,0,0,1:0.11326860841423943
-1,0,0,0,-1,1,1,1,-1:1.0
0,-1,-1,1,-1,1,-1,1,1:1.0
1,0,0,1,1,-1,-1,0,-1:0.9230769230769231
0,0,1,0,0,1,-1,-1,0:-1.0
0,1,1,-1,0,1,-1,-1,0:-1.0
0,-1,0,0,-1,0,1,0,1:-0.6176470588235293
0,0,-1,0,-1,0,1,0,1:-0.8240740740740742
-1,1,-1,0,0,-1,0,1,1:-1.0
0,1,1,0,-1,-1,-1,0,1:-0.8571428571428572
-1,0,0,1,-1,1,1,-1,0:1.0
-1,-1,1,1,-1,1,1,-1,0:1.0
0,-1,0,-1,1,0,0,0,1:-1.0
0,-1,-1,-1,1,1,0,0,1:-1.0
0,0,0,0,-1,1,1,-1,0:0.619047619047619
1,-1,0,0,-1,1,1,-1,0:1.0
0,1,-1,0,-1,1,-1,0,1:1.0
0,0,0,0,-1,0,1,-1,1:0.12390158172231988
1,-1,0,0,-1,0,1,-1,1:1.0
1,-1,-1,-1,0,1,1,1,-1:0.0
-1,-1,0,1,0,0,1,0,0:1.0
-1,1,0,0,-1,0,1,-1,1:-0.07812500000000001
-1,1,1,-1,-1,0,1,-1,1:-1.0
0,0,1,0,-1,1,0,-1,0:-0.5555555555555556
1,0,1,0,-1,1,0,-1,-1:-1.0
1,-1,0,1,-1,1,-1,1,-1:0.0
1,0,1,0,-1,0,-1,-1,1:-0.4444444444444444
0,0,0,-1,-1,0,1,0,1:-0.5058823529411766
0,0,0,-1,-1,1,1,-1,1:-0.31578947368421056
-1,0,-1,0,0,0,1,0,1:-0.8888888888888888
-1,0,1,-1,1,-1,0,1,0:-0.0909090909090909
-1,0,1,-1,1,-1,-1,1,1:1.0
1,0,0,-1,-1,-1,1,0,1:1.0
-1,0,1,0,0,0,-1,1,0:0.38461538461538464
-1,1,1,-1,0,0,-1,1,0:1.0
-1,0,1,1,-1,0,-1,1,0:-0.09090909090909091
-1,1,0,-1,-1,0,1,0,1:-1.0
0,-1,0,-1,0,0,0,1,1:-1.0
1,-1,-1,-1,0,0,0,1,1:-1.0
-1,0,-1,0,-1,1,1,0,1:-0.8247422680412373
0,0,0,0,-1,1,-1,0,1:-0.6610169491525424
1,0,-1,0,-1,1,-1,0,1:1.0
0,0,1,0,0,1,0,-1,-1:0.6666666666666666
-1,-1,0,1,1,0,-1,1,0:-0.7272727272727274
0,1,-1,-1,-1,0,1,0,1:-0.75
1,1,0,-1,0,1,0,-1,-1:-1.0
-1,0,1,0,-1,0,0,1,0:-0.06944444444444445
-1,0,1,0,-1,-1,0,1,1:-0.4782608695652173
-1,0,1,0,-1,0,1,1,-1:1.0
0,1,-1,1,-1,-1,0,0,1:-1.0
0,1,-1,1,-1,-1,1,-1,1:-1.0
0,1,-1,-1,-1,0,1,1,0:-1.0
0,-1,-1,1,1,-1,0,0,1:-1.0
0,1,0,-1,-1,-1,1,0,1:1.0
0,0,0,1,0,0,1,-1,-1:-1.0
-1,0,1,0,0,1,-1,0,0:-1.0
0,1,-1,0,-1,0,1,-1,1:-0.108
-1,0,-1,1,0,1,0,0,0:0.33333333333333337
-1,-1,0,1,0,1,0,0,0:0.2
-1,-1,-1,1,0,1,0,0,1:1.0
0,-1,1,0,0,1,-1,0,0:-0.5
0,-1,1,-1,1,1,-1,0,0:-0.33333333333333337
1,1,0,0,-1,1,0,-1,-1:-1.0
0,-1,-1,-1,1,0,0,1,1:-1.0
0,1,-1,0,-1,-1,1,1,0:-2.7755575615628914e-17
0,1,-1,1,-1,-1,1,1,-1:1.0
-1,1,1,0,-1,0,0,-1,1:-0.7272727272727273
-1,1,1,0,-1,-1,1,-1,1:0.0
0,0,1,0,0,1,-1,0,-1:2.7755575615628914e-17
-1,1,1,0,0,1,-1,0,-1:1.0
0,1,0,1,-1,-1,0,0,0:-0.75
1,1,0,1,-1,-1,-1,0,0:-1.0
-1,1,0,0,-1,1,1,0,-1:1.0
-1,0,0,0,0,0,1,-1,1:0.0
-1,1,-1,0,0,0,1,-1,1:0.0
0,1,-1,1,-1,-1,1,0,0:-1.0
-1,-1,0,-1,1,0,1,0,1:-0.7142857142857143
-1,-1,-1,-1,1,1,1,0,1:1.0
-1,1,1,0,-1,0,0,0,0:0.16611295681063112
-1,1,1,0,-1,-1,0,0,1:0.1276595744680851
-1,-1,-1,0,1,1,-1,1,1:1.0
0,-1,-1,-1,1,1,1,0,0:-0.25
-1,0,0,1,-1,1,0,-1,1:-0.2
-1,1,-1,1,-1,1,0,-1,1:0.0
-1,1,1,1,-1,0,-1,-1,1:-1.0
0,1,1,-1,-1,0,-1,0,1:-0.5
0,1,0,-1,-1,0,1,-1,1:0.017543859649122796
1,0,0,0,0,-1,0,-1,1:-1.0
0,1,1,0,-1,0,-1,-1,1:-1.0
1,1,0,1,-1,-1,0,0,-1:-1.0
-1,-1,1,1,1,0,-1,-1,1:-1.0
0,-1,0,-1,1,1,-1,0,1:-1.0
1,-1,0,-1,1,-1,1,1,-1:-1.0
1,-1,0,1,-1,0,-1,0,1:0.9411764705882353
0,-1,0,1,-1,-1,1,0,1:-1.0
0,1,-1,0,-1,0,0,0,1:-0.09090909090909093
-1,1,0,0,0,1,-1,0,0:0.0
1,0,1,1,0,-1,-1,-1,0:-1.0
0,0,-1,0,1,-1,1,1,-1:1.0
-1,-1,0,1,1,-1,1,1,-1:-1.0
0,-1,-1,1,1,-1,1,1,-1:1.0
1,0,-1,-1,0,1,0,1,-1:-0.2
0,0,1,1,0,0,-1,-1,0:0.25
1,0,1,-1,0,0,-1,0,0:-1.0
1,-1,1,-1,0,0,-1,1,0:-1.0
0,-1,-1,1,1,0,-1,0,1:-1.0
0,1,-1,1,0,0,0,0,-1:0.7647058823529411
0,1,-1,1,-1,1,0,0,-1:1.0
-1,1,-1,1,-1,1,1,0,-1:1.0
-1,-1,1,-1,0,1,1,1,-1:-1.0
0,1,-1,-1,0,0,0,1,0:-1.0
-1,-1,-1,-1,1,1,0,1,1:1.0
1,-1,1,0,0,1,-1,0,-1:0.25
1,1,0,0,0,1,-1,-1,-1:1.0
1,0,0,0,0,0,-1,-1,1:-0.7142857142857143
-1,0,1,0,-1,0,1,-1,1:-0.8333333333333334
0,-1,1,0,-1,0,0,0,1:-0.8392857142857142
0,-1,1,0,-1,0,1,-1,1:1.0
-1,1,0,1,1,-1,0,0,-1:-1.0
1,0,1,0,-1,0,-1,0,0:-1.0
-1,1,1,0,-1,-1,-1,1,1:0.0
0,0,1,0,-1,-1,1,-1,1:0.8333333333333334
1,-1,1,0,-1,-1,1,-1,1:1.0
0,1,-1,1,0,0,0,-1,0:-1.0
1,1,-1,1,0,-1,0,-1,0:-1.0
0,0,-1,1,-1,-1,1,0,1:-1.0
-1,-1,-1,1,1,0,0,0,1:1.0
-1,1,1,0,0,-1,0,-1,1:-0.5
-1,1,1,-1,0,-1,1,-1,1:-1.0
1,0,-1,1,0,0,0,-1,0:-0.9375
1,1,-1,1,0,0,-1,-1,0:1.0
1,1,-1,1,-1,0,-1,-1,1:1.0
1,-1,1,1,0,1,-1,-1,-1:1.0
0,-1,0,1,-1,0,1,-1,1:1.0
0,0,-1,1,-1,0,1,-1,1:-1.0
-1,-1,0,0,0,1,0,0,1:-1.0
-1,1,-1,0,-1,0,1,0,1:-0.75
1,-1,1,0,-1,-1,-1,1,1:0.0
-1,0,1,1,0,1,-1,0,-1:-1.0
0,0,1,0,1,-1,-1,-1,1:-1.0
-1,0,1,0,0,0,1,-1,0:-1.0
-1,1,1,-1,0,0,1,-1,0:-1.0
1,0,1,0,-1,-1,-1,0,1:-0.923076923076923
-1,0,1,0,1,0,-1,-1,1:-0.5531914893617021
-1,0,1,1,-1,0,-1,0,1:-1.0
0,-1,1,0,0,-1,0,0,1:-0.8333333333333334
0,-1,1,0,1,0,-1,0,0:-0.8367346938775508
-1,0,1,0,-1,1,0,1,-1:1.0
-1,0,1,1,0,-1,0,-1,1:0.0
0,-1,1,0,0,0,0,-1,1:-0.7894736842105263
0,-1,1,1,0,1,0,-1,-1:-1.0
1,0,1,0,-1,0,0,-1,0:-0.5
0,0,1,-1,0,-1,-1,1,1:1.0
1,0,1,0,0,-1,-1,-1,1:-1.0
1,-1,0,1,-1,0,0,1,-1:-0.5
-1,1,1,0,-1,0,1,-1,0:-1.0
0,1,1,-1,0,0,-1,0,0:-1.0
-1,0,1,0,1,-1,-1,0,1:0.2142857142857143
0,1,1,-1,-1,-1,-1,1,1:1.0
1,-1,1,-1,0,1,-1,1,-1:0.0
-1,1,1,0,0,-1,1,-1,0:-1.0
1,-1,1,0,0,1,-1,-1,0:-1.0
-1,0,1,0,0,0,0,1,-1:-1.0
0,1,-1,1,-1,0,1,0,-1:-0.3333333333333333
0,-1,1,0,1,-1,-1,0,1:-0.875
0,0,1,0,-1,0,-1,1,0:-0.2
1,-1,1,1,0,0,-1,-1,0:1.0
-1,0,1,1,0,1,0,-1,-1:-1.0
0,1,0,0,-1,-1,1,-1,1:0.05769230769230769
1,0,1,-1,-1,0,1,0,-1:-0.9444444444444443
0,0,1,-1,-1,0,0,0,1:-0.7380952380952384
0,1,1,-1,-1,-1,0,0,1:1.0
1,0,0,-1,-1,1,0,1,-1:-0.16666666666666669
1,0,1,-1,0,0,0,-1,0:-1.0
1,-1,1,-1,0,0,0,-1,1:-1.0
0,0,1,1,-1,1,0,-1,-1:1.0
0,1,1,0,-1,0,-1,0,0:-1.0
0,1,1,-1,-1,0,0,0,0:-0.8461538461538461
0,1,1,0,0,-1,1,-1,-1:-1.0
1,-1,1,0,-1,0,0,1,-1:-0.08695652173913042
1,-1,1,-1,0,-1,0,0,1:-1.0
0,0,1,1,-1,1,-1,-1,0:-2.7755575615628914e-17
0,-1,1,0,0,0,0,1,-1:-0.22727272727272724
1,0,1,0,-1,0,1,-1,-1:-1.0
0,-1,1,1,-1,-1,1,1,-1:-1.0
-1,-1,1,0,-1,0,1,0,1:-1.0
0,-1,1,-1,-1,0,1,1,0:-0.6666666666666666
0,0,1,-1,-1,-1,1,1,0:1.0
0,1,1,-1,0,-1,0,-1,1:-1.0
1,0,-1,0,0,1,-1,0,0:0.7560975609756097
0,1,1,-1,-1,0,1,-1,0:-1.0
-1,1,0,-1,-1,1,1,-1,1:-1.0
0,1,1,0,0,1,-1,-1,-1:1.0
0,1,1,1,-1,1,-1,-1,-1:1.0
0,1,-1,-1,-1,1,1,-1,1:0.0
0,0,1,0,-1,1,-1,0,0:-1.0
0,-1,1,0,-1,1,0,0,0:-0.7777777777777778
-1,1,1,0,-1,1,0,0,-1:1.0
-1,0,1,0,-1,1,1,0,-1:1.0
-1,-1,1,0,1,0,0,-1,1:-1.0
1,1,0,-1,-1,1,-1,1,-1:-1.0
-1,0,0,-1,0,1,0,0,1:-1.0
0,0,-1,-1,-1,1,1,0,1:-0.7142857142857141
1,-1,-1,0,0,0,1,-1,1:-1.0
1,1,0,1,-1,1,-1,-1,-1:1.0
-1,1,0,0,0,0,0,-1,1:-0.5
-1,1,1,0,-1,-1,0,1,0:1.0
1,-1,1,0,-1,0,0,-1,1:1.0
0,0,-1,1,0,1,0,0,-1:-1.0
0,-1,1,-1,1,-1,0,0,1:-1.0
-1,1,-1,1,0,0,0,1,-1:-1.0
1,-1,-1,0,0,-1,0,1,1:-1.0
1,-1,-1,1,0,-1,-1,1,1:-1.0
-1,-1,0,0,1,0,-1,1,1:0.8693467336683411
0,0,1,0,1,-1,-1,0,0:-0.9245283018867924
-1,1,0,0,-1,1,1,-1,0:0.10526315789473684
-1,1,1,0,-1,1,1,-1,-1:1.0
-1,1,0,1,-1,1,1,-1,-1:1.0
0,0,1,0,-1,0,0,-1,1:-0.603448275862069
-1,1,0,1,0,1,-1,-1,0:-1.0
0,0,1,-1,0,1,0,0,-1:-1.0
1,0,-1,-1,0,-1,1,1,0:-1.0
0,1,-1,-1,-1,1,1,1,-1:0.0
0,-1,1,0,1,-1,0,-1,1:-1.0
-1,0,1,0,1,-1,0,-1,1:-1.0
1,-1,-1,0,0,1,-1,1,0:-1.0
1,-1,-1,1,0,1,-1,1,-1:-1.0
0,-1,-1,1,1,0,-1,1,0:-1.0
1,0,1,0,-1,1,-1,0,-1:-0.5
-1,-1,-1,1,0,1,0,1,0:1.0
0,1,0,1,0,0,-1,0,-1:0.33333333333333337
0,-1,-1,0,1,1,1,-1,0:-1.0
0,0,-1,1,-1,0,0,0,1:-1.0
0,0,-1,1,1,-1,0,-1,1:-0.857142857142857
0,0,1,-1,-1,0,1,-1,1:-1.0
1,1,-1,-1,0,0,1,-1,0:-0.5
0,0,0,0,-1,1,0,-1,1:-0.7846153846153846
0,-1,0,1,1,0,1,-1,-1:-1.0
1,0,-1,-1,0,0,1,1,-1:0.15384615384615383
1,1,-1,-1,-1,0,1,1,-1:0.0
-1,-1,-1,1,1,-1,0,1,1:1.0
0,1,-1,-1,-1,1,0,1,0:0.0
-1,1,-1,1,0,-1,0,1,0:-1.0
-1,-1,0,1,0,1,-1,0,1:-1.0
0,1,1,1,-1,-1,-1,-1,1:-1.0
0,0,-1,0,-1,1,1,-1,1:0.11202185792349725
-1,-1,0,-1,1,1,-1,1,1:1.0
0,0,-1,1,1,0,-1,1,-1:-0.7999999999999999
-1,0,0,0,-1,1,1,-1,1:-1.0
1,-1,0,0,-1,-1,1,0,1:-1.0
-1,0,0,-1,0,0,1,1,0:-0.6666666666666666
0,0,1,-1,-1,1,0,0,0:-0.75
-1,0,0,1,-1,-1,1,1,0:-0.8823529411764706
-1,1,0,1,-1,-1,1,1,-1:1.0
0,1,1,1,0,-1,-1,-1,0:-0.6666666666666666
0,1,-1,1,-1,0,0,1,-1:1.0
-1,1,-1,1,-1,1,0,1,-1:1.0
0,1,-1,0,-1,0,1,1,-1:0.7096774193548386
0,1,1,0,-1,0,1,-1,-1:-1.0
1,0,-1,0,-1,1,0,-1,1:1.0
0,-1,1,-1,1,0,-1,0,1:-0.75
0,-1,0,0,1,-1,-1,1,1:-0.9545454545454544
-1,-1,0,-1,1,0,0,1,1:-0.5555555555555556
1,0,0,-1,0,-1,0,1,0:-1.0
1,0,-1,-1,0,1,-1,1,0:-0.2
0,-1,1,-1,1,-1,0,1,0:-1.0
0,-1,0,0,0,1,-1,0,1:-1.0
-1,0,0,1,-1,-1,1,0,1:-0.7931034482758622
0,-1,1,0,1,-1,-1,1,0:-0.0689655172413793
1,1,0,1,-1,0,-1,0,-1:-1.0
-1,0,-1,1,-1,1,1,-1,1:0.0
0,1,-1,0,-1,0,1,0,0:0.1111111111111111
1,1,0,-1,0,1,-1,0,-1:-1.0
0,0,-1,0,1,-1,-1,1,1:-1.0
-1,0,0,1,0,1,0,-1,0:0.0
0,1,1,-1,1,-1,0,-1,0:-1.0
0,1,1,-1,1,-1,-1,-1,1:-1.0
1,0,-1,0,-1,0,-1,1,1:1.0
1,0,1,0,0,-1,1,-1,-1:-1.0
-1,0,1,0,0,1,0,0,-1:-1.0
0,0,-1,-1,-1,1,0,1,1:-0.75
-1,0,-1,0,1,1,-1,1,0:-1.0
0,0,-1,0,-1,1,-1,1,1:1.0
1,0,-1,0,0,1,0,-1,0:-0.5
0,0,-1,1,1,0,1,-1,-1:-1.0
1,0,0,0,-1,0,1,0,-1:-0.7499999999999999
1,0,-1,0,0,0,1,-1,0:-1.0
1,0,-1,0,0,0,1,0,-1:-0.5172413793103448
0,-1,-1,0,1,-1,1,0,1:-1.0
0,0,0,-1,1,-1,-1,1,1:-1.0
0,0,1,1,-1,-1,-1,0,1:-0.1568627450980392
0,-1,0,-1,1,-1,1,0,1:-1.0
-1,0,0,0,1,-1,1,-1,1:-0.6666666666666666
-1,0,1,0,0,-1,0,1,0:0.33333333333333337
-1,1,0,-1,0,1,0,0,0:0.0
-1,1,1,-1,-1,1,0,1,-1:1.0
0,-1,-1,1,0,0,0,1,0:-0.2
1,-1,-1,1,0,0,-1,1,0:-0.5555555555555556
0,0,-1,-1,1,-1,1,0,1:-1.0
0,-1,1,0,-1,0,0,1,0:-0.33333333333333337
1,1,-1,-1,0,1,-1,0,0:-1.0
0,0,-1,-1,1,1,-1,1,0:-1.0
0,-1,-1,-1,1,1,0,1,0:0.07692307692307693
-1,1,0,0,-1,1,0,-1,1:-1.0
0,0,-1,0,0,0,1,-1,1:-0.5217391304347828
0,1,-1,0,-1,1,0,-1,1:0.75
-1,1,1,-1,0,0,0,1,-1:-1.0
0,-1,0,-1,-1,1,1,0,1:-0.5
-1,0,-1,1,1,0,0,-1,1:-1.0
0,-1,1,1,-1,1,0,0,-1:1.0
1,-1,-1,0,0,0,-1,1,1:-1.0
0,-1,0,0,-1,1,-1,1,1:-0.4285714285714286
-1,1,0,1,-1,-1,0,1,0:2.7755575615628914e-17
-1,0,1,1,-1,-1,1,1,-1:1.0
0,0,-1,0,1,-1,1,-1,1:-0.75
0,0,0,1,-1,0,0,-1,1:-0.25
-1,1,0,1,-1,0,0,-1,1:0.0
-1,0,1,0,0,-1,1,0,0:-1.0
-1,-1,1,0,0,-1,1,1,0:-1.0
0,1,-1,0,-1,1,0,0,0:0.06666666666666661
0,0,1,-1,1,-1,-1,1,0:-1.0
1,-1,0,0,0,0,1,0,-1:-0.6470588235294118
-1,0,1,1,-1,-1,0,1,0:0.07692307692307691
-1,0,1,0,-1,-1,1,0,1:-0.5999999999999999
-1,0,1,1,-1,-1,1,-1,1:0.0
-1,0,1,-1,0,-1,1,1,0:0.0
0,1,-1,1,-1,0,-1,1,0:1.0
-1,0,1,0,1,-1,-1,1,0:-0.5
-1,0,1,0,-1,1,1,-1,0:-1.0
-1,0,-1,-1,1,1,0,0,1:0.8947368421052632
-1,-1,0,1,1,-1,0,1,0:0.12195121951219512
-1,0,-1,1,1,-1,0,1,0:-1.0
0,1,1,1,-1,0,0,-1,-1:-1.0
0,0,-1,1,-1,1,0,0,0:0.6
-1,0,-1,1,-1,1,1,0,0:0.8571428571428572
-1,1,0,1,-1,0,-1,1,0:0.5
0,0,-1,0,0,1,0,1,-1:-0.6666666666666666
-1,-1,0,0,1,0,1,-1,1:0.0
0,0,0,1,1,-1,-1,1,-1:-0.6363636363636361
1,0,-1,0,-1,0,1,1,-1:-0.7837837837837837
0,1,0,1,-1,0,0,0,-1:-0.5
1,1,0,1,-1,0,0,-1,-1:-1.0
0,1,1,-1,-1,1,0,-1,0:-1.0
-1,-1,0,1,1,0,1,0,-1:-0.4285714285714286
-1,1,0,1,-1,-1,1,0,0:-0.05882352941176469
-1,0,-1,1,-1,1,0,1,0:1.0
0,0,1,-1,0,1,-1,0,0:-0.6666666666666666
1,0,1,-1,-1,1,-1,0,0:-1.0
0,0,1,-1,0,0,0,1,-1:-1.0
0,-1,1,-1,0,1,0,1,-1:-0.16666666666666669
0,1,-1,1,-1,0,-1,0,1:1.0
0,1,-1,1,-1,1,-1,1,-1:1.0
1,1,0,-1,0,-1,1,-1,0:-1.0
-1,0,0,1,-1,0,1,-1,1:0.13606911447084236
-1,0,1,-1,-1,1,1,0,0:-1.0
-1,0,0,1,1,-1,0,-1,1:-0.09999999999999999
0,1,1,-1,-1,1,-1,0,0:-1.0
-1,0,-1,-1,1,0,1,0,1:-0.6428571428571428
0,0,1,0,-1,-1,0,0,1:0.14705882352941158
0,0,0,-1,1,-1,1,1,-1:-1.0
0,1,-1,0,0,1,0,-1,0:-0.33333333333333337
0,1,-1,0,0,1,0,0,-1:-1.0
0,-1,0,0,0,-1,0,1,1:-1.0
1,-1,0,-1,0,-1,0,1,1:-1.0
0,0,1,0,-1,0,0,1,-1:-0.062499999999999986
1,0,1,0,-1,-1,0,1,-1:-1.0
-1,-1,-1,0,0,1,1,1,0:1.0
-1,0,-1,1,1,0,-1,1,0:-1.0
0,0,1,-1,0,-1,0,0,1:-1.0
0,0,1,0,0,-1,0,1,-1:-0.6
0,0,1,-1,0,-1,1,1,-1:0.0
1,-1,1,-1,0,-1,1,1,-1:-1.0
0,-1,1,0,-1,-1,0,1,1:-0.5
1,-1,-1,1,0,-1,0,0,1:-1.0
0,0,1,1,-1,-1,0,-1,1:0.03420195439739412
-1,1,0,1,0,-1,1,-1,0:0.0
-1,1,0,0,0,-1,0,1,0:-0.78125
-1,0,0,1,-1,1,1,0,-1:1.0
1,1,0,-1,-1,-1,1,-1,1:1.0
0,1,0,0,0,-1,-1,1,0:-1.0
1,1,-1,0,0,-1,-1,1,0:-1.0
0,0,-1,0,-1,1,1,0,0:-0.75
-1,1,-1,0,0,-1,1,1,0:-1.0
-1,1,1,1,-1,0,1,-1,-1:1.0
0,0,1,0,0,0,-1,1,-1:-1.0
-1,0,1,0,0,1,-1,1,-1:-1.0
1,-1,-1,1,0,1,0,-1,0:-1.0
1,0,-1,0,-1,1,-1,1,0:1.0
0,1,-1,0,0,-1,0,1,0:-1.0
0,0,1,-1,0,0,0,-1,1:-1.0
1,0,1,-1,0,-1,0,-1,1:-1.0
0,-1,0,0,0,0,-1,1,1:-0.2777777777777778
0,1,-1,0,0,0,-1,1,0:-1.0
-1,1,1,0,-1,-1,1,0,0:0.5
0,-1,1,1,0,-1,0,1,-1:-1.0
1,0,-1,1,0,1,-1,-1,0:-1.0
1,-1,-1,1,0,1,-1,-1,1:-1.0
1,0,-1,1,-1,1,0,-1,0:-0.3333333333333333
1,-1,-1,1,0,0,0,1,-1:-1.0
0,-1,0,0,-1,1,1,-1,1:1.0
1,0,-1,1,0,-1,-1,0,1:-0.4285714285714286
0,-1,0,1,0,0,-1,1,0:-0.5
0,0,1,0,-1,-1,1,0,0:-1.2810265668751807e-17
1,0,1,-1,-1,-1,1,0,0:1.0
1,0,0,-1,0,0,1,0,-1:-0.6179775280898876
1,-1,0,-1,0,1,1,0,-1:-0.33333333333333337
-1,0,1,1,0,-1,1,0,-1:0.0
-1,1,1,1,-1,-1,1,0,-1:1.0
1,-1,1,-1,0,1,1,-1,-1:-1.0
1,0,-1,-1,-1,0,1,1,0:-1.0
1,0,0,0,0,0,1,-1,-1:-1.0
1,0,-1,1,-1,-1,-1,1,1:1.0
0,0,1,-1,-1,-1,0,1,1:1.0
1,0,-1,1,-1,0,0,1,-1:-0.6
1,0,-1,1,-1,1,-1,1,-1:1.0
1,0,-1,0,0,0,-1,1,0:-0.4285714285714286
1,0,-1,1,0,0,-1,1,-1:1.0
1,0,0,0,-1,-1,1,-1,1:0.0
1,0,0,-1,0,1,1,-1,-1:-0.5
1,0,1,-1,-1,1,1,-1,-1:-1.0
1,0,-1,0,0,0,0,1,-1:0.15328467153284672
0,0,0,1,-1,-1,1,0,0:-0.8709677419354837
1,-1,0,0,0,0,1,-1,0:-0.33333333333333337
1,0,0,1,0,-1,0,0,-1:-0.3333333333333333
1,1,0,0,-1,-1,1,-1,0:-1.0
1,0,0,0,-1,0,1,-1,0:-0.5555555555555556
1,-1,-1,1,-1,1,0,-1,1:1.0
1,1,-1,0,-1,0,1,0,-1:-0.8627450980392156
1,0,-1,-1,0,1,1,0,-1:0.0
1,0,0,0,-1,0,0,1,-1:-0.16666666666666666
1,1,-1,0,0,0,1,-1,-1:-0.5
1,-1,1,1,0,-1,0,0,-1:-0.4
1,1,0,-1,0,0,1,-1,-1:-1.0
1,1,-1,-1,0,1,1,-1,-1:0.0
0,1,1,0,-1,1,-1,0,-1:1.0
1,0,0,-1,-1,1,1,0,-1:-0.0909090909090909
1,-1,0,-1,0,0,1,1,-1:-0.10000000000000002
1,0,0,-1,0,0,1,-1,0:-0.5
1,1,0,-1,-1,0,1,-1,0:-0.75
1,0,-1,1,0,-1,-1,1,0:1.0
-1,0,1,0,0,1,1,-1,-1:-1.0
-1,-1,1,1,0,1,1,-1,-1:-1.0
1,-1,0,-1,0,-1,1,1,0:-1.0
0,1,-1,0,-1,0,-1,1,1:1.0
0,1,-1,0,-1,-1,1,0,1:-1.0
1,0,0,0,-1,-1,0,1,0:0.20895522388059698
1,0,-1,-1,0,1,0,-1,1:-1.0
-1,1,1,1,0,0,-1,0,-1:1.0
-1,1,1,1,-1,0,-1,1,-1:1.0
1,0,-1,0,-1,-1,1,1,0:-1.0
1,1,0,-1,-1,0,0,-1,1:-0.6
0,1,0,-1,0,-1,0,1,0:-1.0
1,1,-1,-1,0,-1,0,1,0:-1.0
1,-1,0,0,0,-1,1,-1,1:-1.0
1,1,-1,0,-1,0,1,-1,0:-0.8395061728395058
1,1,-1,0,-1,0,0,-1,1:-0.06250000000000003
1,0,-1,0,0,1,-1,1,-1:-0.5555555555555556
1,0,-1,1,0,1,-1,0,-1:0.0
-1,1,1,0,-1,1,0,-1,0:-1.0
1,0,-1,1,-1,0,0,-1,1:-1.0
1,0,0,0,-1,0,-1,0,1:-0.7692307692307692
0,1,0,0,-1,-1,0,1,0:0.0909090909090909
-1,1,0,0,-1,-1,1,1,0:-1.0
1,1,-1,0,0,0,-1,-1,1:-1.0
1,0,-1,0,0,-1,-1,1,1:-0.33333333333333337
1,0,1,0,-1,-1,-1,1,0:-0.5
1,1,0,-1,-1,-1,1,0,0:1.0
1,0,-1,1,0,-1,0,-1,1:-1.0
1,0,0,-1,0,-1,0,0,1:-1.0
1,0,0,-1,-1,0,0,1,0:2.3790493384824785e-17
1,0,1,-1,-1,-1,0,1,0:1.0
0,1,0,0,-1,-1,1,0,0:-0.3333333333333333
0,1,0,0,0,-1,0,1,-1:-1.0
1,0,-1,0,-1,1,1,0,-1:-1.0
1,-1,0,-1,0,0,-1,1,1:-1.0
1,1,0,0,-1,0,1,-1,-1:-1.0
0,-1,0,1,0,0,0,1,-1:0.0
0,1,1,1,-1,-1,1,-1,-1:-1.0
0,1,0,-1,-1,0,1,0,0:0.3492063492063492
-1,1,0,-1,-1,1,1,0,0:-0.6
-1,1,0,-1,-1,1,1,1,-1:1.0
1,1,0,-1,-1,0,1,0,-1:-1.0
1,-1,1,0,-1,0,-1,1,0:-0.05263157894736842
1,-1,-1,0,0,1,0,-1,1:-1.0
0,0,1,0,-1,-1,1,1,-1:0.6
1,-1,1,0,-1,-1,1,1,-1:-1.0
1,1,-1,1,-1,-1,0,-1,1:-1.0
-1,1,1,-1,-1,1,1,-1,0:-1.0
1,-1,0,0,-1,-1,1,1,0:-1.0
1,-1,0,0,-1,-1,0,1,1:-0.3333333333333333
1,-1,0,1,-1,-1,-1,1,1:0.0
1,-1,0,0,-1,0,-1,1,1:-0.06666666666666667
1,0,0,-1,-1,-1,1,1,0:1.0
1,0,0,-1,-1,1,0,0,0:-0.2
1,0,0,0,-1,1,0,-1,0:0.14285714285714293
0,1,0,0,-1,0,1,0,-1:-1.0
1,1,0,0,-1,-1,1,0,-1:-1.0
0,0,-1,1,0,0,-1,1,0:2.7755575615628914e-17
1,0,0,1,-1,-1,-1,1,0:0.09756097560975611
1,0,1,0,-1,1,-1,-1,0:-1.0
0,0,-1,1,-1,1,1,0,-1:0.0
-1,0,-1,1,-1,1,1,1,-1:1.0
0,-1,0,1,-1,0,0,1,0:-0.4666666666666666
0,-1,0,1,-1,-1,1,1,0:-1.0
0,-1,1,0,-1,1,1,-1,0:1.0
1,0,0,-1,0,-1,1,1,-1:1.0
1,0,1,-1,-1,-1,1,1,-1:1.0
1,-1,0,1,-1,-1,0,1,0:-1.0
1,0,0,1,-1,-1,0,1,-1:-0.4285714285714286
1,1,-1,0,-1,-1,1,1,-1:1.0
1,0,1,1,0,-1,-1,0,-1:-0.4
1,1,0,1,-1,-1,0,-1,0:-1.0
0,0,-1,1,-1,0,0,1,0:-0.33333333333333337
0,-1,-1,1,-1,0,0,1,1:-0.3333333333333333
0,0,0,1,0,-1,-1,0,1:-1.0
1,-1,0,1,0,-1,-1,0,1:-1.0
0,0,0,1,-1,0,0,1,-1:0.19354838709677416
1,0,1,1,-1,-1,-1,1,-1:-1.0
-1,1,0,-1,-1,1,0,0,1:-1.0
-1,1,1,0,0,-1,0,1,-1:-1.0
0,1,0,-1,1,-1,0,-1,1:-1.0
-1,1,-1,1,0,0,1,0,-1:1.0
1,0,0,1,-1,-1,-1,0,1:0.1111111111111111
1,1,0,1,-1,-1,-1,-1,1:-1.0
0,-1,0,1,-1,0,1,1,-1:-1.0
0,1,-1,-1,-1,1,0,0,1:-0.06060606060606061
-1,0,0,1,1,-1,-1,0,1:-0.09689922480620161
0,-1,0,-1,0,0,1,1,0:-0.6
0,-1,1,-1,0,-1,1,1,0:-1.0
0,1,-1,1,0,-1,0,1,-1:1.0
0,0,-1,-1,0,0,0,1,1:-1.0
1,0,0,-1,-1,1,1,-1,0:0.07692307692307693
1,0,0,1,0,-1,-1,-1,1:-1.0
0,0,0,1,-1,1,0,0,-1:0.6923076923076923
0,0,0,1,-1,-1,0,1,0:-0.15384615384615385
0,1,0,-1,-1,0,1,1,-1:0.6
0,1,1,-1,1,-1,-1,0,0:-1.0
-1,1,0,1,-1,0,1,0,-1:1.0
-1,1,0,-1,-1,0,1,1,0:-1.0
-1,0,1,1,0,1,-1,-1,0:-1.0
0,1,1,0,1,-1,-1,-1,0:-1.0
-1,0,0,0,0,1,0,1,-1:-1.0
1,0,0,1,0,-1,0,-1,0:-1.0
-1,0,0,1,-1,1,0,1,-1:1.0
0,0,0,0,0,1,-1,1,-1:0.0
0,-1,1,0,0,1,-1,1,-1:0.0
1,0,0,-1,-1,0,1,1,-1:0.10669693530079458
0,0,0,-1,1,-1,1,-1,1:-1.0
0,-1,0,0,-1,0,1,1,0:-0.7954545454545453
0,0,0,-1,-1,0,1,1,0:-0.7599999999999999
0,0,0,0,-1,-1,1,1,0:-0.7241379310344827
0,1,0,-1,-1,-1,1,1,0:1.0
0,-1,0,0,0,-1,1,1,0:-1.0
1,-1,0,0,0,-1,1,1,-1:-1.0
0,0,1,-1,-1,1,1,0,-1:0.07894736842105264
0,-1,1,0,0,0,1,-1,0:0.0
-1,-1,1,1,0,0,1,-1,0:-1.0
0,0,0,1,0,0,-1,-1,1:-0.18749999999999997
1,-1,0,1,0,0,-1,-1,1:1.0
1,1,0,-1,0,0,-1,-1,1:-1.0
-1,0,0,0,0,-1,1,1,0:-0.6923076923076923
-1,0,0,0,0,0,1,1,-1:-1.0
-1,0,0,-1,0,1,0,1,0:0.2
-1,-1,0,1,-1,1,-1,1,1:-1.0
0,1,0,-1,-1,0,0,0,1:0.2758620689655173
-1,0,0,1,0,1,-1,0,0:-0.5
-1,1,-1,1,0,1,-1,0,0:-1.0
-1,0,0,-1,0,0,1,0,1:-1.0
-1,0,1,-1,0,-1,1,0,1:-1.0
0,1,1,-1,-1,-1,1,-1,1:1.0
0,-1,1,-1,-1,1,0,1,0:-1.0
-1,1,0,1,-1,1,-1,0,0:0.6666666666666667
0,0,0,1,-1,-1,1,-1,1:-1.0
0,-1,0,0,0,0,1,1,-1:-0.1111111111111111
0,0,1,1,-1,-1,0,1,-1:-1.0
1,0,0,1,-1,0,-1,1,-1:0.23809523809523808
1,1,-1,1,-1,0,-1,1,-1:1.0
0,-1,1,-1,0,0,0,1,0:-0.3333333333333333
0,-1,1,-1,0,0,1,1,-1:-0.6666666666666666
0,-1,-1,1,1,0,1,-1,0:-1.0
1,0,1,1,0,-1,0,-1,-1:-1.0
-1,0,0,1,1,0,-1,-1,1:-0.7999999999999999
0,0,1,-1,1,-1,-1,0,1:-1.0
0,0,-1,0,0,1,-1,0,1:-0.0769230769230769
-1,1,-1,1,0,1,-1,-1,1:-1.0
0,1,-1,0,-1,1,1,0,-1:-0.5
-1,0,1,1,-1,1,1,-1,-1:1.0
1,1,0,-1,-1,-1,1,1,-1:1.0
-1,-1,0,1,1,-1,-1,1,1:0.0
0,1,1,-1,-1,1,1,-1,-1:-1.0
0,1,0,0,-1,-1,0,0,1:-0.25
1,1,0,0,-1,-1,-1,0,1:-1.0
0,-1,1,1,0,1,-1,-1,0:-1.0
1,0,0,0,-1,-1,0,0,1:-0.1944444444444445
1,1,0,0,-1,-1,0,-1,1:-1.0
0,-1,0,1,1,-1,-1,0,1:-0.6666666666666666
0,-1,1,-1,0,1,-1,1,0:-1.0
1,-1,1,1,0,-1,-1,-1,1:-1.0
1,-1,0,-1,0,0,1,-1,1:-0.5
1,-1,1,-1,-1,0,1,-1,1:1.0
1,0,1,0,-1,-1,0,-1,1:-1.0
1,0,0,0,-1,-1,1,1,-1:-0.6610169491525424
0,0,-1,1,-1,-1,1,1,0:-1.0
0,1,-1,0,0,0,-1,0,1:-0.5
0,1,-1,0,1,-1,-1,0,1:-1.0
0,1,1,0,-1,1,0,-1,-1:-0.3333333333333333
0,0,0,-1,0,1,-1,0,1:-1.0
0,-1,0,0,1,-1,1,-1,1:-1.0
-1,0,-1,-1,0,1,1,0,1:-1.0
-1,0,0,1,-1,1,-1,1,0:1.0
-1,1,0,1,0,0,-1,-1,1:0.0
0,1,1,1,-1,-1,0,0,-1:-1.0
0,0,0,-1,0,0,1,-1,1:-0.48275862068965514
-1,0,0,-1,1,0,1,-1,1:-0.6451612903225806
-1,1,0,-1,-1,1,0,1,0:1.0
0,0,-1,1,1,0,-1,-1,1:-1.0
0,0,0,0,0,1,-1,-1,1:-1.0
0,1,0,-1,0,-1,1,0,0:-1.0
0,0,1,1,-1,-1,-1,1,0:-0.2
0,1,-1,-1,0,0,0,0,1:-1.0
0,0,1,-1,1,-1,0,-1,1:-1.0
1,0,0,-1,-1,0,1,-1,1:1.0
-1,-1,0,-1,0,1,1,0,1:-1.0
0,0,0,-1,0,-1,0,1,1:0.33333333333333337
0,-1,-1,1,1,-1,-1,1,1:-1.0
0,0,1,1,-1,0,-1,1,-1:-0.16666666666666666
0,0,-1,1,-1,0,1,1,-1:-0.6
-1,0,0,1,0,-1,1,0,0:-0.11538461538461538
0,-1,1,0,1,0,-1,-1,1:-1.0
-1,1,0,-1,0,0,1,-1,1:-1.0
0,1,1,1,0,-1,-1,0,-1:-1.0
0,1,0,-1,0,-1,1,-1,1:-1.0
1,0,-1,1,0,0,-1,-1,1:-1.0
0,-1,0,1,0,-1,1,0,0:-1.0
1,0,1,-1,-1,0,1,-1,0:0.0
-1,0,-1,-1,1,0,0,1,1:-1.0
0,-1,0,1,-1,1,0,-1,1:1.0
0,0,0,0,-1,1,1,0,-1:-0.25
1,-1,0,0,-1,1,1,0,-1:-0.5
0,0,1,0,-1,1,1,-1,-1:1.0
1,0,1,-1,-1,1,0,0,-1:-0.875
0,-1,-1,1,-1,1,1,-1,1:1.0
0,1,-1,-1,0,0,1,-1,1:-0.5
-1,1,0,0,-1,1,0,1,-1:1.0
1,0,0,-1,0,0,-1,0,1:-1.0
1,0,1,-1,-1,0,-1,0,1:-1.0
0,-1,-1,-1,0,1,1,0,1:-1.0
0,1,-1,1,0,-1,1,-1,0:-1.0
0,-1,1,0,0,-1,0,1,0:-1.0
-1,0,1,-1,1,0,-1,1,0:1.0
1,-1,-1,-1,0,1,0,1,0:-0.5
1,0,1,-1,-1,0,0,1,-1:-1.0
0,0,0,1,-1,-1,0,0,1:-0.24999999999999997
0,1,0,1,-1,-1,-1,0,1:0.0
0,-1,0,1,-1,-1,0,1,1:-0.5
0,1,-1,0,-1,1,1,-1,0:0.0
0,-1,0,-1,-1,1,0,1,1:-1.0
0,0,-1,1,0,-1,1,0,0:-1.0
0,0,-1,0,0,1,1,0,-1:-0.6666666666666666
1,0,0,-1,1,-1,1,-1,0:-1.0
-1,0,0,0,0,1,1,0,-1:-1.0
1,-1,0,1,-1,-1,0,0,1:-1.0
0,0,1,-1,1,0,-1,-1,1:-0.6
0,0,0,-1,0,-1,1,1,0:0.5
1,1,0,1,-1,0,-1,-1,0:-1.0
1,0,0,1,-1,-1,0,-1,1:-1.0
-1,0,0,-1,0,1,-1,1,1:1.0
0,-1,1,-1,-1,0,0,1,1:-1.0
-1,0,0,-1,-1,1,1,1,0:-1.0
0,0,-1,1,-1,1,-1,0,1:1.0
0,1,1,-1,-1,1,0,0,-1:0.0
0,0,1,1,0,0,-1,0,-1:0.2222222222222222
0,-1,1,1,0,1,-1,0,-1:-1.0
0,0,0,1,0,-1,1,0,-1:-1.0
-1,0,0,0,0,1,-1,1,0:1.0
1,-1,-1,-1,0,1,1,-1,1:-1.0
0,-1,0,1,0,-1,0,1,0:-0.25
1,-1,0,1,0,-1,-1,1,0:0.0
0,-1,0,0,0,0,1,-1,1:0.3333333333333333
-1,1,0,0,0,0,1,-1,0:-1.0
1,0,1,0,-1,0,-1,1,-1:-0.5
1,1,0,0,-1,-1,0,1,-1:-1.0
0,1,-1,0,0,0,1,-1,0:-1.0
-1,0,1,1,-1,0,1,-1,0:1.0
-1,-1,0,-1,0,1,1,1,0:-1.0
0,-1,-1,0,0,1,-1,1,1:0.3333333333333333
1,-1,-1,-1,0,1,-1,1,1:-1.0
0,1,0,-1,0,0,1,-1,0:-0.5
-1,0,-1,1,1,-1,-1,1,1:-1.0
0,0,0,-1,-1,1,1,1,-1:0.6
0,1,-1,1,0,-1,-1,1,0:-1.0
-1,0,-1,1,-1,1,0,0,1:0.9090909090909091
0,-1,0,0,0,1,1,0,-1:-1.0
0,-1,1,1,1,-1,-1,-1,1:-1.0
-1,0,-1,-1,0,1,1,1,0:-1.0
0,1,0,1,0,0,-1,-1,0:0.0
0,-1,1,0,0,1,0,0,-1:-1.0
0,-1,1,-1,1,0,-1,1,0:-0.04761904761904762
0,-1,1,0,0,-1,1,0,0:-1.0
0,0,1,-1,0,-1,1,0,0:-1.0
0,0,1,1,-1,1,-1,0,-1:1.0
1,0,0,1,-1,1,-1,0,-1:1.0
0,-1,-1,1,1,0,1,0,-1:-1.0
0,0,1,1,-1,-1,1,0,-1:-1.0
-1,1,0,0,-1,1,-1,0,1:-1.0
-1,-1,0,0,0,1,1,1,-1:1.0
-1,0,0,1,0,0,1,0,-1:1.0
-1,1,1,-1,0,1,0,-1,0:-1.0
-1,0,-1,1,0,1,-1,1,0:1.0
-1,0,-1,1,0,0,1,1,-1:1.0
1,1,-1,-1,0,-1,1,1,-1:1.0
1,1,0,-1,1,-1,1,-1,-1:-1.0
0,0,-1,1,-1,0,-1,1,1:1.0
-1,0,0,1,0,-1,0,0,1:0.0
-1,0,-1,0,0,1,1,1,-1:1.0
1,1,0,0,0,0,0,-1,-1:-1.0
0,0,1,0,0,-1,1,-1,0:-1.0
1,0,1,-1,0,1,-1,-1,0:-1.0
0,1,-1,0,0,0,0,-1,1:-1.0
1,1,-1,0,0,-1,0,-1,1:-1.0
1,0,0,0,0,-1,-1,0,1:-1.0
1,1,0,-1,0,-1,-1,0,1:-1.0
-1,1,0,0,0,0,-1,1,0:-0.3333333333333333
1,0,-1,0,0,-1,1,1,-1:1.0
0,0,1,-1,0,0,1,-1,0:-1.0
-1,-1,1,1,0,1,0,-1,0:-1.0
-1,1,0,0,0,1,0,-1,0:0.25
0,-1,1,0,-1,-1,1,0,1:-0.6
0,0,0,-1,0,1,1,0,-1:-0.22222222222222227
0,0,1,0,-1,-1,-1,1,1:0.2121212121212121
-1,0,0,-1,0,1,1,1,-1:-1.0
-1,1,0,0,-1,-1,0,1,1:-1.0
-1,-1,1,1,0,0,1,0,-1:0.0
0,-1,0,1,-1,1,0,1,-1:0.25
-1,-1,0,1,-1,1,1,1,-1:1.0
1,0,0,-1,0,-1,1,-1,1:1.0
0,-1,-1,-1,1,0,1,0,1:-1.0
0,1,-1,0,0,0,1,0,-1:-1.0
-1,1,-1,0,0,1,1,0,-1:-1.0
1,0,-1,1,0,-1,0,1,-1:1.0
1,1,-1,-1,0,-1,-1,1,1:-1.0
1,0,-1,-1,0,-1,0,1,1:-1.0
1,0,-1,0,-1,-1,0,1,1:-1.0
0,1,-1,-1,0,-1,1,1,0:-1.0
0,-1,0,0,1,1,-1,-1,1:-1.0
0,1,1,-1,-1,0,0,-1,1:-1.0
0,1,0,-1,-1,0,0,1,0:0.0
0,1,1,0,-1,-1,0,-1,1:-1.0
-1,-1,1,0,0,0,1,1,-1:0.0
0,-1,1,-1,0,-1,0,1,1:1.0
-1,1,0,-1,0,-1,1,1,0:-0.3333333333333333
-1,-1,0,1,0,0,1,-1,1:1.0
1,1,0,-1,-1,-1,0,1,0:1.0
0,0,-1,1,0,-1,0,1,0:0.33333333333333337
-1,1,0,0,0,1,1,-1,-1:-1.0
1,1,0,-1,0,-1,1,0,-1:-1.0
0,0,1,1,0,0,0,-1,-1:-1.0
0,0,1,1,0,1,-1,-1,-1:1.0
-1,0,1,1,0,0,-1,1,-1:-1.0
0,0,-1,-1,1,0,1,-1,1:-1.0
-1,-1,0,1,1,-1,0,0,1:-0.25
0,0,-1,-1,1,0,0,0,1:-1.0
0,0,-1,0,0,-1,0,1,1:-0.6666666666666666
1,1,-1,0,-1,-1,-1,1,1:1.0
0,0,-1,-1,1,0,-1,1,1:-1.0
-1,-1,0,1,1,-1,1,0,0:-0.5
-1,1,0,-1,0,1,0,-1,1:-1.0
0,-1,0,-1,1,0,1,-1,1:-1.0
0,-1,1,1,1,-1,0,-1,0:-1.0
1,1,-1,-1,0,0,0,1,-1:-1.0
-1,0,-1,1,0,0,0,0,1:1.0
0,1,0,-1,0,1,0,0,-1:0.0
-1,0,0,1,0,1,0,0,-1:-0.7777777777777778
1,0,0,-1,0,1,-1,-1,1:-1.0
0,-1,0,1,0,1,0,0,-1:-1.0
1,-1,0,1,-1,1,0,0,-1:-1.0
0,1,-1,1,0,0,-1,-1,1:-1.0
1,-1,0,0,0,1,-1,-1,1:-1.0
0,0,0,1,0,1,-1,0,-1:-1.0
0,-1,0,-1,0,1,0,0,1:-1.0
1,-1,0,-1,0,1,0,-1,1:-1.0
0,1,0,-1,-1,1,0,0,0:-1.0
0,0,-1,0,0,0,-1,1,1:-0.5483870967741937
0,1,0,1,-1,0,0,-1,0:-1.0
-1,0,-1,0,1,0,-1,1,1:-0.8333333333333333
-1,0,1,0,0,-1,1,-1,1:-0.75
1,0,0,1,1,0,-1,-1,-1:1.0
-1,1,0,0,0,-1,-1,1,1:-1.0
0,0,0,-1,0,1,0,-1,1:-1.0
-1,0,0,0,0,1,1,-1,0:-0.5
-1,1,-1,-1,0,1,1,-1,1:0.0
0,0,-1,-1,0,1,0,1,0:0.0
0,0,0,1,-1,1,-1,-1,1:-1.0
0,0,1,0,0,-1,0,-1,1:-1.0
0,1,1,0,0,-1,-1,-1,1:-1.0
1,-1,0,1,0,1,-1,0,-1:-1.0
-1,1,0,0,0,-1,1,1,-1:-1.0
1,0,-1,0,0,1,1,-1,-1:0.0
0,-1,-1,-1,0,1,1,1,0:-1.0
0,1,0,1,0,-1,-1,-1,1:0.0
0,1,0,-1,0,0,1,0,-1:-0.5
1,1,0,0,-1,1,-1,-1,0:-0.3333333333333333
1,0,0,0,0,-1,-1,1,0:-1.0
1,1,0,-1,0,-1,-1,1,0:-1.0
0,0,0,1,-1,-1,1,1,-1:-0.5
0,0,0,1,0,0,-1,1,-1:0.0
0,-1,1,1,0,0,-1,1,-1:-0.14285714285714285
0,0,0,1,0,1,0,-1,-1:-1.0
0,-1,-1,1,0,-1,1,1,0:-1.0
0,1,0,0,-1,1,0,-1,0:-1.0
0,-1,0,-1,0,1,-1,1,1:-1.0
1,-1,0,0,-1,1,0,-1,1:1.0
1,0,0,0,-1,-1,-1,1,1:1.0
0,-1,0,-1,1,-1,1,1,0:-1.0
0,1,0,-1,1,-1,-1,0,1:-1.0
0,1,0,-1,0,-1,1,1,-1:-1.0
-1,-1,1,1,0,0,0,-1,1:-1.0
-1,0,-1,1,0,1,-1,0,1:0.0
1,-1,0,1,0,1,0,-1,-1:-1.0
0,-1,0,0,-1,1,1,1,-1:0.0
0,-1,1,-1,0,-1,1,0,1:-1.0
0,-1,1,-1,1,0,0,-1,1:-1.0
1,1,0,0,-1,1,-1,0,-1:-1.0
0,1,0,-1,-1,1,0,-1,1:-1.0
0,1,-1,-1,-1,1,1,0,0:-0.3333333333333333
1,1,0,0,-1,0,-1,1,-1:-1.0
0,-1,1,-1,0,0,1,-1,1:-1.0
0,1,0,0,-1,0,1,-1,0:-1.0
0,1,0,0,-1,-1,1,1,-1:1.0
-1,1,1,0,-1,-1,1,1,-1:1.0
0,-1,0,-1,0,1,1,0,0:0.0
0,-1,0,1,-1,1,-1,0,1:-1.0
0,1,-1,1,-1,1,-1,-1,1:1.0
0,-1,0,1,1,-1,0,-1,1:-1.0
-1,-1,0,0,1,1,-1,0,1:-1.0
0,1,0,0,-1,0,-1,1,0:0.5
0,1,1,0,-1,0,-1,1,-1:-1.0
0,-1,1,0,-1,0,1,1,-1:-0.08333333333333334
0,1,1,-1,-1,0,1,0,-1:-1.0
-1,1,0,1,0,0,-1,1,-1:-1.0
0,-1,0,-1,1,0,-1,1,1:-0.75
0,-1,1,1,0,-1,-1,0,1:0.0
0,-1,-1,0,1,1,-1,0,1:-1.0
0,0,0,1,1,-1,-1,-1,1:-1.0
0,0,-1,1,0,0,0,-1,1:-1.0
0,1,0,-1,-1,1,1,-1,0:-1.0
0,-1,1,0,0,0,-1,1,0:0.0
0,0,0,1,-1,1,-1,1,-1:1.0
0,1,1,-1,0,-1,1,0,-1:-1.0
-1,0,0,1,0,-1,1,1,-1:1.0
0,1,0,-1,-1,1,1,0,-1:0.04545454545454546
0,1,1,-1,0,0,1,-1,-1:-1.0
0,-1,-1,0,1,-1,0,1,1:-1.0
0,1,0,0,0,-1,1,-1,0:0.0
0,-1,0,1,1,0,-1,-1,1:-1.0
0,-1,0,1,-1,1,-1,1,0:0.0
0,1,1,-1,0,-1,1,-1,0:-1.0
0,1,0,-1,-1,1,-1,0,1:-1.0
-1,-1,1,1,0,-1,1,0,0:-1.0
1,0,0,0,0,0,-1,1,-1:-1.0
-1,1,1,0,-1,0,-1,1,0:1.0
0,0,0,0,0,1,1,-1,-1:-0.5
-1,-1,0,1,0,-1,1,0,1:-0.3333333333333333
0,-1,0,-1,-1,1,1,1,0:0.0
0,1,0,1,-1,1,0,-1,-1:1.0
1,1,0,0,-1,-1,-1,1,0:-1.0
0,0,1,-1,-1,0,1,1,-1:0.75
0,1,1,0,0,-1,-1,1,-1:-1.0
0,-1,1,0,-1,-1,1,1,0:-1.0
0,0,1,-1,0,-1,0,1,0:1.0
-1,0,0,-1,1,-1,0,1,1:-1.0
0,0,-1,1,-1,1,0,-1,1:1.0
0,-1,1,0,-1,1,1,0,-1:1.0
0,-1,-1,1,1,-1,1,0,0:-1.0
-1,0,-1,1,0,-1,1,0,1:-1.0
-1,0,1,-1,0,0,1,-1,1:-1.0
1,1,0,-1,-1,1,0,-1,0:-0.5
0,-1,-1,0,1,0,1,-1,1:-1.0
-1,-1,0,1,0,-1,0,1,1:0.0
0,-1,0,1,0,-1,1,1,-1:-1.0
-1,0,-1,0,1,1,-1,0,1:-0.2
0,-1,-1,1,0,0,0,0,1:1.0
0,-1,0,-1,1,-1,0,1,1:-1.0
-1,-1,0,0,1,-1,0,1,1:-1.0
0,1,1,0,-1,1,-1,-1,0:-1.0
0,0,1,0,-1,-1,0,1,0:0.16666666666666666
0,0,-1,-1,0,1,1,-1,1:0.0
0,1,-1,-1,0,-1,0,1,1:-1.0
-1,0,-1,0,1,-1,0,1,1:-1.0
0,1,0,0,-1,1,0,0,-1:0.0
0,1,-1,-1,0,1,1,0,-1:-1.0
-1,0,1,1,-1,1,0,-1,0:-1.0
0,0,-1,-1,1,1,-1,0,1:-1.0
-1,0,1,1,0,-1,1,-1,0:-1.0
-1,1,1,-1,0,1,1,-1,-1:-1.0
-1,-1,1,0,0,1,1,-1,0:-1.0
0,0,-1,-1,1,-1,0,1,1:-1.0
-1,0,-1,1,1,-1,1,1,-1:1.0
0,1,0,-1,0,1,0,-1,0:0.0
0,-1,-1,1,0,0,1,0,0:-1.0
0,0,1,1,-1,-1,1,-1,0:-1.0
0,-1,1,0,-1,1,0,1,-1:0.0
0,0,1,-1,0,-1,1,-1,1:1.0
0,0,1,-1,-1,1,0,1,-1:1.0
0,0,-1,1,0,-1,1,1,-1:1.0
0,-1,0,1,0,1,-1,0,0:-1.0
1,1,0,0,0,-1,-1,-1,1:-1.0
0,0,-1,1,0,1,-1,0,0:-0.5
0,0,-1,1,-1,1,-1,1,0:1.0
-1,-1,0,1,0,1,1,-1,0:1.0
0,1,0,0,-1,0,0,-1,1:-1.0
0,1,1,-1,0,-1,0,1,-1:-1.0
0,0,0,1,0,1,-1,-1,0:-1.0
1,0,1,0,0,0,-1,-1,0:-1.0
0,1,0,0,-1,1,-1,0,0:-1.0
-1,1,1,0,-1,1,-1,0,0:-1.0
0,-1,1,1,-1,0,1,-1,0:1.0
0,1,1,0,-1,-1,0,1,-1:-1.0
0,1,-1,1,-1,1,-1,0,0:1.0
0,0,-1,-1,1,-1,1,1,0:-1.0
1,-1,0,0,0,-1,-1,1,1:-1.0
-1,1,1,1,0,-1,-1,1,-1:-1.0
0,0,0,-1,-1,1,1,0,0:-1.0
0,-1,-1,1,1,-1,0,1,0:1.0
0,1,0,0,0,-1,1,0,-1:-1.0
-1,1,1,0,0,-1,1,0,-1:-1.0
0,1,-1,1,0,1,-1,0,-1:-1.0
-1,1,0,1,0,1,-1,0,-1:-1.0
1,1,0,0,0,-1,1,-1,-1:-1.0
0,1,0,-1,0,0,0,-1,1:-1.0
0,1,0,0,0,-1,0,-1,1:0.0
0,1,0,0,0,0,1,-1,-1:-1.0
0,1,-1,0,0,-1,-1,1,1:-1.0
1,0,-1,0,0,1,-1,-1,1:1.0
1,0,-1,1,-1,1,-1,-1,1:1.0
0,0,1,-1,0,1,1,-1,-1:-1.0
0,1,1,-1,-1,-1,0,1,0:1.0
