1,0,0,0,0,0,0,0,0:0.23969252271139044
1,-1,1,0,0,0,0,0,0:0.7142857142857143
1,-1,1,-1,1,0,0,0,0:0.8333333333333334
1,-1,1,-1,1,-1,1,0,0:1.0
1,1,-1,0,0,0,0,0,0:-0.5762711864406782
1,1,-1,-1,1,0,0,0,0:0.5352112676056338
1,1,-1,-1,1,-1,1,0,0:-0.25
1,1,-1,-1,1,-1,1,-1,1:1.0
1,1,0,-1,0,0,0,0,0:0.7407407407407407
1,1,1,-1,-1,0,0,0,0:1.0
1,1,0,0,-1,0,0,0,0:0.04635193133047217
1,1,-1,1,-1,0,0,0,0:-0.7105263157894738
1,1,-1,1,-1,-1,1,0,0:1.0
1,1,0,0,0,-1,0,0,0:-0.6
1,1,1,0,0,-1,0,-1,0:1.0
0,0,0,1,0,0,0,0,0:0.04434782608695653
-1,1,0,1,0,0,0,0,0:0.2666666666666667
-1,1,1,1,0,-1,0,0,0:0.0
-1,1,1,1,-1,-1,1,0,0:-0.11764705882352941
-1,1,1,1,-1,-1,1,-1,1:0.0
1,1,1,0,-1,-1,0,0,0:1.0
1,1,0,0,0,0,-1,0,0:0.5769230769230769
1,1,1,0,0,0,-1,0,-1:1.0
0,0,1,0,0,0,0,0,0:0.1792452830188677
-1,1,1,0,0,0,0,0,0:-0.12500000000000003
-1,1,1,-1,1,0,0,0,0:-0.6
-1,1,1,-1,1,-1,0,0,1:-0.75
0,0,0,0,1,0,0,0,0:0.32025545155704904
-1,1,0,0,1,0,0,0,0:0.2748735244519391
-1,1,-1,1,1,0,0,0,0:0.7777777777777776
-1,1,-1,1,1,-1,1,0,0:-0.8857142857142855
-1,1,-1,1,1,-1,1,-1,1:0.0
1,1,0,0,0,0,0,-1,0:0.5555555555555556
1,1,-1,1,0,0,0,-1,0:0.33333333333333337
1,1,-1,1,-1,1,0,-1,0:-0.7777777777777778
1,1,-1,1,-1,1,1,-1,-1:1.0
0,0,0,0,0,1,0,0,0:0.07654650645304863
-1,1,0,0,0,1,0,0,0:4.163336342344337e-17
-1,1,-1,1,0,1,0,0,0:-0.25
-1,1,-1,1,1,1,0,0,-1:1.0
1,1,0,0,0,0,0,0,-1:-0.16666666666666666
1,1,-1,1,0,0,0,0,-1:-1.0
1,1,-1,1,-1,1,0,0,-1:-1.0
1,-1,0,0,0,1,0,0,0:0.2727272727272727
1,-1,-1,1,0,1,0,0,0:0.6666666666666666
1,-1,-1,1,-1,1,1,0,0:1.0
-1,0,0,0,0,1,1,0,0:0.25
-1,-1,1,0,0,1,1,0,0:1.0
-1,-1,1,-1,1,1,1,0,0:1.0
1,0,-1,0,0,1,0,0,0:-0.5454545454545453
1,1,-1,-1,0,1,0,0,0:0.06666666666666667
1,1,-1,-1,0,1,1,-1,0:0.0
1,1,-1,-1,-1,1,1,-1,1:0.0
-1,0,1,1,0,0,0,0,0:0.25925925925925924
-1,-1,1,1,1,0,0,0,0:0.8571428571428571
-1,-1,1,1,1,-1,1,0,0:1.0
1,0,1,0,0,0,0,0,-1:0.23076923076923075
1,-1,1,0,1,0,0,0,-1:0.0851063829787234
1,-1,1,-1,1,1,0,0,-1:0.13043478260869568
1,-1,1,-1,1,1,-1,1,-1:0.0
-1,0,0,1,1,0,0,0,0:0.30839002267573684
-1,-1,1,1,1,1,-1,0,0:1.0
1,1,-1,-1,0,1,0,-1,1:0.0
1,-1,1,1,0,0,0,0,-1:-0.33333333333333337
1,-1,1,1,-1,1,0,0,-1:-0.3157894736842105
1,-1,1,1,-1,1,-1,1,-1:0.0
1,-1,0,0,1,0,0,0,0:0.8102493074792237
1,-1,-1,0,1,0,1,0,0:0.761904761904762
1,-1,-1,-1,1,1,1,0,0:0.14285714285714288
1,-1,-1,-1,1,1,1,-1,1:1.0
1,0,0,0,1,0,0,0,-1:0.17070289427052557
1,-1,1,1,1,0,0,-1,-1:-0.7142857142857143
1,-1,1,1,1,-1,1,-1,-1:1.0
1,0,-1,0,1,1,0,0,-1:0.22160444797458317
1,-1,-1,1,1,1,0,0,-1:1.0
1,0,0,0,0,-1,1,0,0:0.65625
1,-1,1,0,0,-1,1,0,0:0.8333333333333334
1,0,-1,0,1,0,0,0,0:0.27645502645502584
1,1,-1,-1,1,1,-1,0,0:1.0
1,1,-1,-1,1,1,-1,-1,1:1.0
0,0,0,-1,1,0,0,0,1:0.34328358208955234
-1,1,0,-1,1,0,0,0,1:-0.7333333333333333
-1,1,-1,-1,1,1,0,0,1:-1.0
1,0,0,-1,1,0,0,0,0:0.805276381909548
1,-1,0,-1,1,0,0,1,0:0.2333333333333333
1,-1,-1,-1,1,1,0,1,0:0.11111111111111113
1,-1,-1,-1,1,1,-1,1,1:1.0
1,1,0,-1,1,0,0,0,-1:0.8246913580246918
1,1,-1,-1,1,1,0,0,-1:0.07042253521126761
1,1,-1,-1,1,1,-1,1,-1:1.0
1,1,0,0,1,-1,0,0,-1:-0.875
1,0,1,0,1,-1,0,0,-1:0.8691588785046725
1,1,1,0,1,-1,-1,0,-1:1.0
-1,1,1,1,-1,0,0,0,0:-0.761904761904762
1,-1,1,1,1,-1,0,0,-1:0.08888888888888892
1,-1,1,1,1,-1,-1,1,-1:0.0
1,-1,1,0,1,-1,0,1,-1:0.12254901960784319
1,-1,1,-1,1,-1,1,1,-1:1.0
1,0,0,0,1,1,-1,0,-1:-0.425
1,-1,1,0,1,1,-1,0,-1:-0.4
1,1,1,-1,1,-1,0,0,-1:1.0
1,1,0,0,1,0,-1,0,-1:-0.6
1,1,-1,1,1,0,-1,0,-1:-1.0
1,0,0,0,-1,1,0,0,0:-0.07575757575757573
1,-1,1,0,-1,1,0,0,0:-0.5
1,1,0,0,1,0,0,-1,-1:-0.7605633802816903
1,1,-1,0,1,0,1,-1,-1:-0.847457627118644
1,1,0,-1,1,-1,0,0,0:0.6
1,1,0,-1,1,-1,-1,0,1:1.0
1,1,0,-1,1,0,-1,0,0:0.7777777777777778
1,1,1,-1,1,0,-1,-1,0:1.0
0,0,0,1,1,-1,0,0,0:0.06557377049180328
-1,1,0,1,1,-1,0,0,0:0.22857142857142862
1,0,0,0,1,0,0,-1,0:0.6333333333333333
1,0,1,0,1,0,0,-1,-1:-0.7142857142857144
1,1,1,-1,1,0,0,-1,-1:1.0
1,0,0,0,1,-1,0,0,0:0.6625514403292183
1,-1,1,0,1,-1,0,0,0:0.8032786885245902
1,-1,1,1,1,-1,-1,0,0:0.09836065573770493
1,-1,1,1,1,-1,-1,-1,1:1.0
1,0,0,0,1,0,-1,0,0:0.2258064516129032
1,0,1,0,1,0,-1,0,-1:-0.7474747474747473
1,-1,1,1,1,0,-1,0,-1:-0.7272727272727273
1,-1,1,-1,1,1,-1,0,0:0.13157894736842107
1,-1,1,-1,1,1,-1,-1,1:1.0
0,0,0,0,0,0,0,0,1:0.13067150635208716
-1,1,0,0,0,0,0,0,1:-0.6666666666666666
-1,1,-1,1,0,0,0,0,1:-1.0
-1,1,-1,1,-1,1,0,0,1:-0.8461538461538461
-1,0,-1,1,1,0,0,1,0:-0.7777777777777778
0,0,0,0,0,0,0,1,0:0.09466128308658607
-1,1,0,0,0,0,0,1,0:-0.631578947368421
-1,1,-1,1,0,0,0,1,0:-0.3333333333333333
-1,1,-1,1,-1,1,0,1,0:-1.0
1,1,-1,-1,-1,1,1,0,0:0.0
1,1,1,-1,1,0,-1,0,-1:1.0
1,0,0,1,1,0,-1,0,-1:-0.6857142857142855
-1,0,1,0,1,0,0,0,0:0.26605504587155954
-1,-1,1,1,1,1,0,-1,0:1.0
1,1,0,0,1,0,-1,-1,0:-0.6
1,1,-1,1,1,0,-1,-1,0:-0.8333333333333334
1,1,-1,1,1,-1,-1,-1,1:1.0
-1,0,1,-1,1,1,0,0,0:-0.8
1,-1,0,0,1,1,-1,1,-1:0.10022779043280185
1,-1,-1,1,1,1,-1,1,-1:1.0
0,0,-1,0,0,1,0,0,1:-0.3333333333333333
1,0,-1,-1,0,1,0,0,1:0.4
1,-1,-1,-1,1,1,0,0,1:1.0
-1,1,1,0,1,-1,0,0,0:0.7567567567567567
-1,1,1,-1,1,-1,1,0,0:1.0
0,1,0,0,0,0,0,0,0:0.19782300047326115
-1,1,1,0,0,1,0,0,-1:0.3333333333333333
-1,1,1,0,1,1,0,-1,-1:-0.2
-1,1,1,-1,1,1,1,-1,-1:1.0
1,1,-1,0,0,0,1,0,-1:-0.6666666666666666
1,1,-1,-1,1,0,1,0,-1:-0.7600000000000001
1,-1,1,0,1,0,-1,0,0:0.14285714285714285
1,-1,1,1,1,0,-1,-1,0:-1.0
1,-1,0,0,1,0,-1,0,1:1.0
1,-1,0,1,1,0,-1,0,0:0.7333333333333334
1,-1,0,1,1,1,-1,0,-1:1.0
1,1,0,-1,1,-1,0,1,-1:1.0
1,1,-1,0,1,0,-1,0,0:0.7560975609756098
1,1,-1,0,1,1,-1,0,-1:-0.6923076923076923
-1,1,1,1,0,0,-1,0,0:-0.41666666666666663
-1,1,1,1,-1,1,-1,0,0:-0.5555555555555556
-1,1,1,1,-1,1,-1,-1,1:1.0
1,-1,0,0,1,0,0,-1,1:1.0
1,1,0,-1,1,0,0,-1,0:0.7500000000000001
1,1,-1,-1,1,1,0,-1,0:0.09345794392523367
1,1,-1,-1,1,1,1,-1,-1:0.0
1,1,-1,-1,1,0,1,-1,0:0.055555555555555566
0,-1,0,0,1,0,1,0,0:0.7910447761194034
1,-1,0,0,1,0,1,0,-1:0.7650130548302874
1,-1,1,-1,1,0,1,0,-1:1.0
-1,1,1,1,0,0,0,-1,0:0.33333333333333337
-1,1,1,1,-1,1,0,-1,0:-0.5
1,0,0,-1,0,1,0,0,0:0.4
1,-1,0,-1,0,1,0,0,1:1.0
1,-1,1,-1,-1,1,0,0,1:1.0
1,1,1,-1,1,-1,0,-1,0:1.0
1,0,-1,0,1,-1,0,1,0:-0.16666666666666669
1,-1,-1,0,1,-1,1,1,0:-0.33333333333333337
1,-1,-1,-1,1,-1,1,1,1:1.0
1,1,0,0,1,-1,-1,0,0:0.5
1,1,-1,1,1,-1,-1,0,0:-0.8285714285714284
1,0,1,0,1,-1,-1,0,0:0.8888888888888888
1,1,1,-1,1,-1,-1,0,0:1.0
0,1,0,0,1,0,-1,0,0:0.08646616541353387
1,1,-1,0,1,-1,-1,1,0:1.0
-1,1,1,0,1,0,-1,0,0:-0.8421052631578946
-1,1,0,1,1,0,-1,0,0:0.6666666666666667
-1,1,-1,1,1,1,-1,0,0:1.0
1,1,0,-1,1,1,-1,0,-1:-0.846153846153846
1,1,-1,0,-1,1,0,0,0:-0.9010989010989011
1,1,-1,-1,-1,1,0,0,1:-0.9629629629629629
1,1,0,0,1,-1,0,-1,0:1.0
1,0,1,-1,1,1,-1,0,-1:-0.9390243902439027
0,0,1,0,1,0,-1,0,0:0.10236220472440948
-1,0,1,1,1,0,-1,0,0:0.22522522522522526
-1,1,1,1,1,-1,-1,0,0:0.1142162818955041
-1,1,1,1,1,-1,-1,-1,1:0.0
1,0,0,-1,1,1,-1,1,-1:0.08787878787878792
0,1,0,-1,0,0,0,1,0:-0.3333333333333333
-1,1,1,-1,0,0,0,1,0:-1.0
-1,1,1,-1,-1,1,0,1,0:-1.0
1,1,0,-1,1,0,-1,1,-1:1.0
0,1,0,0,-1,1,0,0,0:-1.0408340855860843e-17
-1,1,1,0,-1,1,0,0,0:-0.8571428571428571
1,1,-1,0,1,-1,-1,0,1:1.0
0,0,0,0,1,1,-1,0,0:0.068
-1,0,0,0,1,1,-1,1,0:-0.5294117647058822
-1,-1,1,0,1,1,-1,1,0:-0.75
-1,0,1,1,1,-1,-1,0,1:0.0
-1,-1,1,1,1,-1,-1,1,1:0.0
0,0,0,1,1,0,-1,0,0:0.23157894736842102
1,0,0,1,1,0,-1,-1,0:-1.0
1,1,0,1,1,-1,-1,-1,0:-1.0
1,1,1,0,1,-1,-1,-1,0:1.0
0,1,1,0,1,0,-1,0,-1:-0.6799999999999999
-1,1,1,1,1,0,-1,0,-1:-0.6923076923076923
-1,1,1,1,1,-1,-1,1,-1:1.0
1,-1,0,1,1,1,-1,-1,0:1.0
-1,1,1,1,1,0,-1,-1,0:-0.838709677419355
-1,1,0,0,1,1,-1,0,0:-0.6
1,0,0,-1,1,0,0,1,-1:0.2314814814814815
1,-1,1,-1,1,0,0,1,-1:0.10176991150442481
1,0,0,0,0,0,0,1,-1:0.1538461538461538
1,-1,1,0,0,0,0,1,-1:0.0
1,-1,1,-1,0,1,0,1,-1:0.0
1,-1,1,-1,-1,1,1,1,-1:0.0
1,0,0,0,0,1,0,0,-1:0.13636363636363624
1,-1,1,0,0,1,0,0,-1:0.0
-1,0,1,0,0,0,0,1,0:-0.25
-1,-1,1,1,0,0,0,1,0:1.0
-1,-1,1,1,-1,1,0,1,0:-0.6315789473684211
-1,-1,1,1,-1,1,-1,1,1:1.0
-1,0,1,-1,1,0,0,1,0:-1.0
-1,-1,1,-1,1,1,0,1,0:-0.7777777777777778
1,0,0,0,1,-1,-1,1,0:0.8095238095238094
1,1,0,0,1,-1,-1,1,-1:1.0
0,0,0,0,1,1,0,0,-1:0.26962337205209563
-1,1,0,0,1,1,0,0,-1:0.7777777777777777
1,-1,0,1,0,0,0,0,0:0.6
1,-1,-1,1,1,1,-1,0,0:1.0
1,0,-1,1,0,0,0,0,0:0.581947743467933
1,1,-1,1,-1,0,1,0,-1:1.0
1,0,0,1,-1,0,0,0,0:-0.027149321266968302
1,-1,1,1,-1,0,0,0,0:-0.5882352941176471
1,-1,1,1,-1,-1,1,0,0:1.0
1,0,0,1,0,-1,0,0,0:0.4583333333333333
1,-1,1,1,0,-1,0,0,0:0.0
1,-1,1,1,0,-1,-1,1,0:0.0
1,-1,1,1,-1,-1,-1,1,1:0.0
1,-1,0,1,1,-1,0,0,0:0.6
1,-1,-1,1,1,-1,1,0,0:1.0
1,0,0,1,0,0,-1,0,0:0.0
1,-1,-1,1,1,0,-1,1,0:1.0
1,-1,-1,1,1,-1,-1,1,1:1.0
1,0,0,1,0,0,0,-1,0:0.2
1,-1,1,1,0,0,0,-1,0:-1.0
-1,0,1,0,0,0,0,0,1:0.5777777777777777
-1,-1,1,1,0,0,0,0,1:0.5
-1,-1,1,1,-1,1,0,0,1:1.0
0,1,0,1,0,0,0,-1,0:0.0
-1,1,1,1,1,-1,0,-1,0:0.1242937853107345
0,0,0,1,1,0,0,0,-1:0.12075242718446615
0,0,0,1,1,1,-1,0,-1:1.0
1,-1,1,0,1,0,-1,1,-1:0.0
0,0,0,1,0,0,1,-1,0:0.6666666666666665
-1,1,0,1,0,0,1,-1,0:0.0
-1,1,-1,1,1,0,1,-1,0:0.13176895306859215
-1,1,-1,1,1,1,1,-1,-1:1.0
1,-1,0,1,0,0,1,-1,0:1.0
-1,1,0,1,1,0,0,0,-1:0.5384615384615384
1,0,0,1,0,0,0,0,-1:2.544261098099317e-17
1,1,0,1,-1,0,0,0,-1:0.75
0,1,0,-1,1,0,0,0,0:0.7199999999999999
-1,1,0,-1,1,1,0,0,0:-0.875
0,0,0,0,1,0,-1,1,0:0.29820087831137565
-1,1,0,0,1,0,-1,1,0:1.0
-1,0,1,0,1,1,-1,0,0:-0.8
1,-1,0,0,1,0,-1,1,0:0.22452361226180567
1,-1,-1,0,1,1,-1,1,0:1.0
-1,1,1,-1,0,0,0,0,1:-0.5
-1,1,1,-1,-1,0,1,0,1:-1.0
1,0,-1,0,1,0,-1,1,0:0.9310344827586207
1,1,-1,-1,1,0,-1,1,0:1.0
1,0,0,-1,1,0,-1,1,0:0.9795918367346937
1,-1,0,-1,1,0,-1,1,1:1.0
-1,1,0,-1,1,0,0,1,0:1.0
0,1,0,1,1,0,-1,-1,0:-0.33333333333333337
-1,1,0,1,1,1,-1,-1,0:1.0
1,-1,1,0,1,-1,-1,1,0:0.09734513274336283
1,-1,1,-1,1,-1,-1,1,1:1.0
1,1,1,0,1,-1,0,-1,-1:1.0
-1,0,0,0,1,0,1,0,0:0.2654320987654322
-1,-1,1,0,1,0,1,0,0:1.0
1,1,0,-1,1,-1,-1,1,0:1.0
1,0,0,0,1,0,-1,1,-1:0.22964169381107502
0,1,-1,0,1,0,-1,1,0:1.0
1,1,-1,0,1,0,0,-1,0:-0.625
1,0,-1,1,1,0,0,-1,0:0.8918918918918919
1,-1,-1,1,1,0,1,-1,0:1.0
-1,1,0,1,-1,1,0,0,0:-0.6666666666666666
-1,1,-1,1,-1,1,1,0,0:-0.44
-1,1,-1,1,-1,1,1,-1,1:0.0
1,-1,-1,0,1,-1,1,0,1:1.0
1,1,-1,0,1,0,0,0,-1:-0.8846153846153845
0,0,0,0,0,0,1,0,0:0.1282051282051281
-1,1,-1,0,1,0,1,0,0:0.23863636363636365
-1,1,-1,-1,1,1,1,0,0:0.08045977011494253
-1,1,-1,-1,1,1,1,-1,1:0.0
0,0,-1,0,1,0,1,0,0:0.13095238095238093
1,0,-1,0,1,-1,1,0,0:-0.5
1,0,-1,1,1,1,0,-1,-1:1.0
1,-1,0,0,1,1,0,0,-1:0.41891891891891897
1,-1,1,-1,1,1,1,-1,-1:1.0
1,1,-1,1,1,-1,0,-1,0:-0.5
1,0,-1,1,1,-1,1,-1,0:1.0
-1,1,0,0,0,0,1,0,0:0.31250000000000006
-1,1,0,-1,0,0,1,0,1:0.0
-1,1,-1,-1,1,0,1,0,1:0.05882352941176472
1,0,-1,0,1,1,0,-1,0:0.8
1,-1,-1,1,1,1,0,-1,0:1.0
0,0,1,0,-1,1,0,0,0:0.02409638554216867
1,0,1,0,-1,1,0,0,-1:0.04142011834319528
0,0,-1,0,1,0,0,0,1:0.2631578947368421
-1,0,-1,0,1,1,0,0,1:-1.0
1,-1,1,-1,1,1,0,-1,0:1.0
0,0,0,1,-1,1,0,0,0:-0.6864406779661018
1,-1,0,1,-1,1,0,0,0:-0.7142857142857143
1,0,-1,0,1,0,1,-1,0:0.2
-1,1,-1,0,1,0,0,0,1:0.18750000000000006
-1,1,-1,-1,1,0,0,1,1:1.0
1,0,-1,-1,1,1,0,0,0:0.23888888888888893
1,-1,-1,-1,1,1,1,1,-1:0.0
0,1,-1,0,1,0,0,0,0:0.2883211678832115
0,0,-1,1,1,0,0,0,0:0.24789915966386566
0,-1,-1,1,1,0,0,1,0:-0.75
0,1,-1,-1,1,0,0,0,1:1.0
0,1,-1,-1,1,-1,0,1,1:1.0
1,1,-1,0,1,-1,0,0,0:-0.7333333333333334
0,1,-1,1,1,-1,0,0,0:-1.0
0,1,-1,0,1,-1,1,0,0:-0.18518518518518517
-1,1,-1,0,1,-1,1,1,0:1.0
1,1,-1,0,1,-1,1,-1,0:-0.33333333333333337
0,1,-1,1,1,-1,1,-1,0:-0.46153846153846156
-1,0,1,-1,1,0,0,0,1:-0.5714285714285714
-1,-1,1,-1,1,1,0,0,1:1.0
-1,0,-1,0,1,0,0,1,1:-0.3333333333333333
-1,0,1,1,-1,1,0,0,0:-0.7777777777777778
0,0,0,-1,1,0,1,0,0:0.5806451612903224
-1,1,0,-1,1,0,1,0,0:0.7142857142857143
1,-1,0,1,0,1,0,0,-1:1.0
1,1,-1,1,0,-1,0,0,0:-0.8571428571428571
1,1,-1,1,0,-1,-1,1,0:-1.0
-1,0,1,-1,1,-1,1,0,1:1.0
0,1,-1,0,1,0,1,0,-1:-0.7272727272727273
-1,1,-1,1,1,0,1,0,-1:-1.0
-1,-1,1,1,1,0,1,0,-1:1.0
-1,0,-1,0,0,1,1,0,1:-1.0
-1,0,-1,1,0,1,1,-1,1:-1.0
0,1,-1,1,1,0,0,0,-1:-0.7000000000000001
0,1,-1,1,1,1,0,-1,-1:1.0
1,1,-1,-1,1,-1,0,1,0:1.0
0,0,-1,0,1,0,0,1,0:-0.010752688172043012
-1,1,-1,0,1,0,0,1,0:1.0
1,1,-1,0,1,0,-1,1,-1:1.0
-1,0,1,-1,0,1,0,1,0:-1.0
0,0,1,0,0,0,1,-1,0:0.5
1,0,1,0,-1,0,1,-1,0:-1.0
1,-1,-1,0,1,0,0,1,0:0.04081632653061225
-1,1,-1,0,1,1,1,0,-1:1.0
-1,1,-1,-1,1,1,1,1,-1:1.0
1,0,0,1,1,0,0,-1,-1:-0.14285714285714288
0,1,-1,0,1,0,1,-1,0:0.0847457627118644
0,1,-1,1,1,0,1,-1,-1:-0.8095238095238095
0,1,0,0,1,0,0,-1,0:0.05309734513274337
0,1,-1,1,1,0,0,-1,0:0.18055555555555564
0,1,-1,0,1,0,0,-1,1:0.2149866190900982
-1,1,-1,1,1,0,0,-1,1:0.0962406015037594
1,0,1,0,0,0,0,-1,0:-0.6666666666666666
1,-1,1,0,1,0,0,-1,0:0.42857142857142855
1,-1,0,-1,1,0,1,0,0:0.7931034482758621
1,0,0,0,1,1,0,-1,-1:-0.8888888888888888
1,-1,1,0,1,1,0,-1,-1:-1.0
-1,1,-1,1,1,1,-1,-1,1:1.0
0,1,1,0,0,0,0,-1,0:0.8165137614678898
1,0,0,0,0,-1,0,1,0:0.21428571428571433
1,-1,1,0,0,-1,0,1,0:0.6666666666666666
1,-1,1,-1,1,-1,0,1,0:1.0
-1,1,0,0,1,0,1,-1,0:0.23063380281690127
1,1,-1,0,1,-1,0,-1,1:1.0
0,1,-1,1,1,-1,0,-1,1:0.07017543859649122
0,1,0,1,-1,0,0,0,0:-0.11320754716981135
-1,1,-1,1,1,1,0,-1,0:1.0
0,0,-1,0,1,1,0,0,0:0.27430555555555564
1,0,-1,0,1,1,-1,0,0:0.3333333333333333
1,1,1,-1,0,0,0,-1,0:1.0
1,-1,0,0,1,0,1,-1,0:1.0
1,-1,1,-1,1,0,1,-1,0:1.0
0,-1,0,0,1,0,0,0,1:0.41071428571428564
-1,-1,1,0,1,0,0,0,1:0.4883720930232558
-1,-1,1,1,1,-1,0,0,1:0.1111111111111111
-1,0,0,1,0,0,0,1,0:0.08163265306122454
-1,0,0,1,0,-1,1,1,0:2.7755575615628914e-17
-1,-1,1,1,0,-1,1,1,0:1.0
-1,-1,1,1,-1,-1,1,1,1:1.0
1,-1,-1,0,1,0,0,0,1:1.0
-1,1,1,0,1,0,0,-1,0:-0.5744680851063828
-1,1,1,-1,1,1,0,-1,0:-1.0
0,0,1,0,1,0,0,-1,0:0.4891304347826085
-1,0,1,1,1,0,0,-1,0:0.0
-1,1,0,1,1,0,0,-1,0:0.20645161290322595
-1,1,1,1,1,-1,1,-1,-1:1.0
0,1,-1,0,1,1,0,-1,0:0.13698630136986303
1,0,-1,-1,1,0,0,1,0:0.8235294117647057
1,0,-1,-1,1,0,1,1,-1:-0.7692307692307692
-1,-1,1,1,1,-1,1,1,-1:1.0
-1,1,-1,1,1,-1,0,1,0:1.0
-1,1,-1,1,-1,0,1,1,0:-0.6363636363636365
-1,1,-1,1,-1,-1,1,1,1:1.0
-1,0,1,1,1,0,0,0,-1:0.9411764705882354
-1,1,1,1,1,-1,0,0,-1:1.0
1,-1,-1,1,1,-1,0,1,0:-1.0
1,0,-1,-1,1,0,0,0,1:1.0
1,-1,0,0,0,0,0,1,0:0.33333333333333337
1,-1,-1,1,0,0,0,1,0:0.6363636363636364
1,-1,-1,1,-1,0,1,1,0:1.0
0,0,-1,0,0,1,0,1,0:-0.19999999999999998
-1,1,-1,0,0,1,0,1,0:-0.33333333333333337
-1,1,-1,-1,1,1,0,1,0:1.0
1,0,0,-1,0,0,0,1,0:0.0
1,1,1,0,-1,0,0,-1,0:1.0
1,0,0,0,-1,0,0,1,0:-0.09090909090909084
1,-1,1,0,-1,0,0,1,0:-0.030303030303030304
1,-1,1,-1,-1,1,0,1,0:0.22222222222222227
1,-1,1,-1,-1,1,-1,1,1:1.0
-1,-1,0,1,1,1,-1,1,0:1.0
1,1,-1,0,-1,0,0,1,0:-0.9710144927536231
1,1,-1,1,-1,-1,0,1,0:-1.0
-1,1,0,1,-1,0,0,1,0:-0.857142857142857
0,1,-1,1,0,0,0,0,0:-0.28571428571428575
1,0,-1,1,-1,0,0,1,0:-0.2
1,0,-1,1,-1,-1,1,1,0:1.0
1,-1,-1,0,1,-1,0,1,1:1.0
1,1,0,0,0,-1,0,1,-1:-1.0
1,0,-1,1,1,1,-1,-1,0:1.0
0,0,0,1,0,0,-1,1,0:0.0
1,0,0,1,-1,0,-1,1,0:-0.7058823529411766
1,-1,1,1,-1,0,-1,1,0:0.0
1,0,1,-1,0,0,0,0,0:0.7999999999999998
-1,1,1,1,1,0,0,-1,-1:-1.0
1,0,1,0,-1,0,0,0,0:0.029850746268656716
1,0,1,0,-1,-1,0,0,1:-0.7399999999999998
1,-1,1,1,-1,-1,0,0,1:-0.8999999999999999
1,-1,0,1,1,1,0,-1,-1:1.0
1,-1,-1,1,1,0,1,0,-1:1.0
0,1,1,0,1,0,-1,-1,0:-0.8846153846153845
-1,1,1,0,1,1,-1,-1,0:-1.0
-1,1,0,1,1,1,0,-1,-1:1.0
1,-1,0,0,1,-1,1,0,0:0.8333333333333334
1,-1,1,0,1,-1,1,-1,0:1.0
-1,1,1,0,1,0,-1,-1,1:-0.894736842105263
-1,1,1,-1,1,1,0,0,-1:-0.7142857142857143
0,1,0,0,0,0,0,1,-1:-0.19999999999999998
0,1,0,-1,0,0,1,1,-1:0.5
-1,1,0,-1,0,1,1,1,-1:1.0
0,0,0,0,1,0,0,1,-1:0.29027465001276825
-1,1,0,0,1,0,0,1,-1:1.0
-1,0,0,1,-1,0,0,1,1:0.07913669064748202
-1,1,0,1,-1,-1,0,1,1:0.25000000000000006
-1,0,0,0,0,1,0,1,0:-0.6
-1,-1,1,0,0,1,0,1,0:-1.0
1,-1,0,0,0,0,0,0,1:0.1538461538461538
-1,0,1,-1,0,0,1,1,0:-0.3333333333333333
-1,-1,1,-1,0,0,1,1,1:1.0
-1,-1,1,1,-1,0,0,1,1:1.0
-1,1,0,1,0,0,-1,1,0:0.0
-1,1,-1,1,1,0,-1,1,0:1.0
-1,0,1,0,1,1,0,-1,0:1.0
-1,0,0,0,0,0,1,1,0:0.6422764227642275
-1,-1,1,0,0,0,1,1,0:0.0
-1,-1,1,1,-1,0,1,1,0:-1.0
-1,1,0,1,0,0,0,1,-1:0.0
0,0,-1,0,0,0,0,1,1:0.6304347826086955
-1,1,-1,0,0,0,0,1,1:0.7142857142857143
0,1,-1,0,1,0,0,1,-1:1.0
-1,0,1,1,0,0,0,1,-1:-0.5
-1,-1,1,1,1,0,0,1,-1:1.0
-1,-1,1,1,0,1,-1,1,0:1.0
-1,-1,1,1,1,1,-1,1,-1:1.0
0,1,-1,0,0,1,0,0,0:0.03030303030303029
-1,1,-1,0,0,1,0,0,1:-0.33333333333333337
-1,1,-1,-1,0,1,0,1,1:0.0
-1,1,-1,-1,-1,1,1,1,1:1.0
1,0,1,0,0,-1,0,0,0:0.6363636363636365
1,0,0,-1,0,0,0,0,1:0.19999999999999998
1,-1,1,-1,0,1,-1,0,1:1.0
1,0,0,0,-1,0,0,0,1:0.016949152542372968
1,-1,1,0,-1,0,0,0,1:-0.7777777777777778
0,0,0,0,-1,1,1,0,0:-0.49504950495049527
-1,0,0,0,-1,1,1,1,0:0.2
-1,-1,1,0,-1,1,1,1,0:-1.0
0,0,0,1,1,0,0,-1,0:0.5360824742268042
1,0,0,0,0,-1,0,0,1:0.1666666666666667
1,-1,1,0,0,-1,0,0,1:-1.0
1,-1,1,1,0,-1,0,-1,1:-1.0
0,1,0,0,0,-1,0,0,1:2.5620531337503614e-17
1,1,0,-1,0,-1,0,0,1:0.3333333333333333
1,1,-1,-1,1,-1,0,0,1:1.0
-1,1,1,0,0,-1,0,0,1:-1.0
-1,1,1,-1,0,-1,1,0,1:-1.0
-1,1,0,1,0,-1,0,0,1:0.0
-1,1,1,1,0,-1,-1,0,1:0.0
1,1,0,0,0,-1,-1,0,1:1.0
-1,1,-1,1,1,-1,0,0,1:0.13008130081300814
-1,1,1,1,-1,-1,-1,1,1:0.0
-1,1,-1,1,0,-1,1,0,1:0.2
0,-1,0,0,0,0,0,1,1:0.5897435897435895
1,-1,0,0,-1,0,0,1,1:0.3125
1,-1,-1,0,-1,1,0,1,1:-0.6666666666666666
1,-1,-1,-1,-1,1,1,1,1:1.0
0,0,0,0,0,-1,1,0,1:0.6
-1,1,0,0,0,-1,1,0,1:0.33333333333333337
1,0,0,0,0,0,-1,0,1:0.7142857142857143
1,-1,0,0,0,1,-1,0,1:0.5
1,-1,-1,1,0,1,-1,0,1:-1.0
0,1,0,0,0,0,-1,0,1:-0.5
-1,1,1,0,0,0,-1,0,1:-0.75
1,0,1,0,0,0,-1,0,0:0.1818181818181818
1,-1,1,1,0,0,-1,0,0:-0.5
-1,0,0,0,1,0,0,1,0:0.08955223880597021
-1,-1,1,0,1,0,0,1,0:0.12260536398467442
-1,-1,1,-1,1,0,1,1,0:1.0
-1,-1,0,1,0,1,0,1,0:-1.0
-1,-1,0,1,-1,1,0,1,1:-1.0
0,1,-1,1,1,1,-1,-1,0:1.0
1,0,0,0,1,0,1,-1,-1:0.8500000000000001
1,-1,1,0,1,0,1,-1,-1:1.0
1,-1,0,1,1,0,0,-1,0:0.8
-1,1,1,-1,1,0,1,-1,0:1.0
1,0,0,1,1,-1,0,-1,0:-0.5
1,0,1,1,1,-1,-1,-1,0:-1.0
0,1,0,1,1,-1,0,-1,0:-0.4285714285714286
0,0,1,1,1,0,-1,-1,0:-0.3333333333333333
-1,0,1,1,1,1,-1,-1,0:1.0
0,1,1,1,1,-1,-1,-1,0:-0.5
1,-1,1,1,1,-1,0,-1,0:1.0
0,0,0,1,1,-1,1,-1,0:0.6865671641791047
-1,1,0,1,1,-1,1,-1,0:0.1079545454545454
1,-1,0,1,1,-1,1,-1,0:1.0
0,0,1,1,1,-1,0,-1,0:0.2
0,0,0,0,-1,1,0,1,0:1.5243711804646586e-17
1,-1,0,0,-1,1,0,1,0:0.25
0,-1,-1,0,1,1,0,1,0:-1.0
1,0,-1,1,1,0,0,0,-1:-0.6944444444444443
1,-1,0,0,1,0,0,1,-1:0.0013037809647979235
1,-1,-1,1,1,0,0,1,-1:-0.7924528301886791
0,0,1,1,-1,0,0,0,0:-0.018072289156626523
0,-1,1,1,-1,1,0,0,0:-0.8125
0,-1,1,1,-1,1,-1,1,0:0.11764705882352944
0,1,0,1,1,0,0,-1,-1:-0.7704918032786884
1,1,0,1,1,-1,0,-1,-1:-1.0
-1,1,0,0,-1,1,1,0,0:-0.35714285714285715
0,0,1,1,1,0,0,-1,-1:-0.11111111111111108
-1,0,1,1,1,1,0,-1,-1:1.0
0,1,1,0,0,-1,0,0,0:0.7599999999999999
0,0,0,0,1,1,0,-1,0:0.7009182334936589
0,1,0,0,1,1,0,-1,-1:-0.6376811594202897
0,-1,1,0,1,1,0,-1,0:1.0
0,0,0,0,1,0,1,-1,0:0.6236559139784948
0,1,0,1,1,-1,1,-1,-1:-0.5714285714285715
1,0,-1,1,-1,1,0,0,0:-0.3333333333333333
0,0,1,0,0,0,-1,0,1:0.6492890995260664
-1,0,1,1,0,0,-1,0,1:0.1111111111111111
0,0,1,1,1,-1,1,-1,-1:1.0
1,0,1,1,1,-1,0,-1,-1:-1.0
1,0,-1,1,1,0,1,-1,-1:1.0
1,0,1,-1,1,0,0,-1,0:0.9636363636363636
1,0,1,-1,1,-1,1,-1,0:1.0
-1,0,1,1,1,1,-1,0,-1:1.0
1,0,1,0,1,-1,0,-1,0:0.9230769230769231
0,0,1,1,-1,-1,1,0,0:0.1428571428571429
0,-1,1,1,1,1,-1,-1,0:1.0
-1,1,0,0,1,-1,0,1,0:1.0
0,0,1,0,1,1,0,-1,-1:-0.4166666666666667
1,0,1,1,-1,-1,0,0,0:0.8333333333333333
1,1,1,1,-1,-1,-1,0,0:1.0
0,0,0,0,1,0,0,-1,1:0.5820895522388058
-1,0,0,1,1,0,0,-1,1:0.25
-1,-1,0,1,1,0,1,-1,1:-0.5
-1,0,1,-1,1,1,1,-1,0:1.0
0,-1,1,1,1,1,0,-1,-1:1.0
1,0,1,-1,1,1,0,-1,-1:-0.894736842105263
-1,-1,1,1,1,0,-1,0,1:0.027027027027027025
1,0,1,-1,1,0,-1,-1,1:1.0
0,0,1,0,1,0,0,0,-1:0.178294573643411
1,0,0,1,1,-1,0,0,-1:-0.7999999999999999
0,0,-1,0,1,1,0,-1,1:1.0
-1,0,-1,1,1,1,0,-1,1:1.0
0,1,0,0,1,0,-1,-1,1:0.09405940594059413
-1,1,0,1,1,0,-1,-1,1:0.12290502793296089
1,0,-1,-1,1,0,1,0,0:0.07142857142857145
1,1,1,-1,0,0,0,0,-1:1.0
1,0,0,-1,1,1,0,-1,0:0.040000000000000036
1,-1,0,-1,1,1,0,-1,1:1.0
1,1,1,0,-1,0,-1,0,0:1.0
0,1,1,-1,1,1,0,-1,-1:-1.0
1,0,0,0,1,1,-1,-1,0:-0.3333333333333333
0,0,1,-1,1,1,1,-1,-1:1.0
1,1,-1,1,1,0,0,-1,-1:-1.0
0,0,0,0,-1,1,0,0,1:0.037674919268030106
-1,1,0,0,-1,1,0,0,1:0.13953488372093026
-1,1,-1,0,-1,1,0,1,1:-0.7777777777777778
1,1,0,-1,1,0,1,-1,-1:0.047619047619047616
1,0,0,1,1,-1,1,-1,-1:1.0
1,-1,-1,0,1,1,0,-1,1:1.0
0,1,-1,0,1,-1,1,-1,1:0.17241379310344826
0,1,1,0,-1,0,0,1,-1:-1.0
1,-1,-1,1,1,0,0,0,0:0.7857142857142857
1,0,-1,-1,1,1,0,-1,1:1.0
-1,1,0,0,1,-1,1,0,0:0.4166666666666667
-1,1,0,-1,1,-1,1,0,1:1.0
-1,1,-1,-1,1,-1,1,1,1:1.0
1,1,1,0,-1,0,0,0,-1:1.0
1,0,-1,1,1,1,-1,0,-1:1.0
0,1,0,0,1,-1,0,0,0:0.8148148148148151
1,0,-1,0,1,1,-1,-1,1:1.0
0,1,-1,1,1,0,-1,-1,1:1.0
-1,-1,1,0,1,-1,1,1,0:1.0
-1,0,0,1,1,0,1,-1,0:0.7162162162162162
-1,-1,1,1,1,-1,1,-1,1:1.0
1,0,0,-1,1,0,1,-1,0:0.0
1,0,1,1,-1,0,-1,0,0:-0.006666666666666672
1,1,1,1,-1,0,-1,-1,0:1.0
0,0,0,1,1,1,0,-1,-1:1.0
-1,-1,0,0,1,0,1,0,1:-1.0
-1,-1,1,1,1,0,-1,1,0:0.08888888888888889
-1,-1,0,1,1,0,1,0,0:-0.8666666666666666
0,0,0,-1,1,1,1,-1,0:0.2821782178217823
0,-1,-1,0,1,0,1,1,0:-0.7142857142857143
0,0,0,0,1,-1,1,0,0:0.368421052631579
1,0,0,-1,1,-1,1,0,0:0.7142857142857143
1,0,-1,-1,1,-1,1,1,0:0.0
0,1,1,0,0,0,-1,0,0:0.25
1,-1,0,1,1,0,0,0,-1:0.8323699421965319
1,-1,1,0,1,-1,1,0,-1:1.0
0,1,0,-1,1,-1,1,0,0:1.0
0,1,0,-1,1,-1,1,-1,1:1.0
-1,1,1,-1,1,-1,1,-1,1:1.0
-1,1,-1,1,1,-1,-1,1,1:1.0
1,0,-1,-1,1,1,1,-1,0:0.14285714285714288
1,1,0,0,-1,0,0,1,-1:-0.375
1,1,-1,1,-1,0,0,1,-1:-1.0
0,0,1,1,-1,0,0,-1,1:-0.3333333333333333
1,0,1,1,-1,0,-1,-1,1:-0.75
1,1,1,1,-1,-1,-1,-1,1:1.0
0,1,0,0,1,0,0,0,-1:0.13441734417344156
0,0,0,0,1,0,1,0,-1:0.18176060797973387
-1,0,0,0,1,0,1,1,-1:0.8928571428571428
-1,-1,1,0,1,0,1,1,-1:1.0
0,0,-1,0,1,0,1,1,-1:-0.7868852459016394
-1,1,-1,0,1,0,1,1,-1:1.0
0,0,1,1,-1,0,0,1,-1:-1.0
1,0,0,-1,1,0,1,0,-1:0.11111111111111116
1,0,-1,-1,1,1,1,0,-1:0.0
-1,1,0,-1,1,0,1,1,-1:1.0
0,0,-1,1,1,1,0,-1,0:1.0
-1,1,1,1,-1,0,-1,1,0:-0.5555555555555556
0,-1,1,0,1,0,0,1,-1:0.21916115674881467
0,1,0,-1,1,0,1,0,-1:0.375
1,1,0,-1,1,-1,1,0,-1:-0.6
0,1,-1,0,1,1,0,0,-1:0.9285714285714285
0,1,1,0,1,-1,0,0,-1:0.6842105263157896
-1,1,1,0,1,-1,0,1,-1:1.0
0,1,1,0,1,0,0,-1,-1:-0.6619718309859153
-1,1,1,0,1,0,1,-1,-1:1.0
-1,0,0,0,0,0,0,1,1:-1.0755285551056204e-16
-1,-1,1,0,0,0,0,1,1:0.6666666666666667
1,1,-1,0,0,1,0,0,-1:0.0
0,0,1,0,1,0,1,-1,-1:1.0
0,1,-1,0,1,1,-1,0,0:0.6
1,0,1,1,-1,0,0,0,-1:0.6842105263157896
0,0,-1,0,1,0,1,-1,1:-0.16666666666666666
-1,1,-1,0,1,0,1,-1,1:0.0
-1,1,0,0,1,1,-1,-1,1:-0.5652173913043478
1,0,1,0,0,-1,-1,0,1:0.8169014084507046
1,-1,1,1,0,-1,-1,0,1:0.0
-1,0,-1,0,1,1,0,1,0:-1.0
0,0,0,1,-1,0,0,1,0:-0.023017902813299223
-1,1,-1,1,-1,0,0,1,1:-1.0
-1,1,0,0,1,0,0,-1,1:-0.035714285714285726
1,1,0,-1,1,0,-1,-1,1:1.0
0,1,-1,0,1,1,1,-1,-1:0.1023302938196556
0,1,0,1,0,0,0,0,-1:-0.33333333333333337
-1,1,1,1,0,0,0,0,-1:-1.0
0,0,1,1,0,0,-1,0,0:-0.07692307692307691
1,1,1,0,0,0,0,-1,-1:1.0
-1,1,0,-1,0,0,0,1,1:1.0
1,1,0,-1,1,1,-1,-1,0:-0.8500000000000001
1,-1,0,-1,1,1,1,-1,0:1.0
-1,0,-1,1,-1,1,0,1,1:-1.0
0,-1,1,1,1,0,-1,0,0:0.4285714285714286
0,-1,1,1,1,-1,-1,0,1:0.0
0,1,-1,-1,1,1,1,-1,0:0.0
1,1,-1,-1,1,0,0,1,-1:1.0
1,-1,0,-1,1,-1,1,0,1:1.0
0,0,-1,-1,1,1,1,-1,1:0.12318840579710148
-1,1,1,-1,-1,0,1,1,0:-1.0
0,1,-1,0,1,-1,0,1,0:1.0
1,0,-1,1,1,-1,0,0,0:-0.6923076923076923
-1,1,-1,0,1,1,0,0,0:0.9047619047619048
1,0,-1,0,1,-1,0,0,1:1.0
0,0,-1,-1,1,0,1,1,0:0.33333333333333337
-1,1,-1,-1,1,0,1,1,0:1.0
1,0,-1,0,-1,1,1,0,0:0.25
1,0,1,0,-1,0,-1,0,1:0.75
1,-1,1,1,-1,0,-1,0,1:-0.7857142857142858
0,0,0,-1,1,1,0,-1,1:0.8186416184971087
-1,1,0,-1,1,1,0,-1,1:-0.8979591836734693
-1,0,1,1,-1,1,-1,1,0:-1.0
1,-1,0,0,1,1,0,-1,0:0.6923076923076923
-1,-1,1,0,1,1,1,-1,0:1.0
0,0,1,-1,1,1,0,-1,0:0.5692307692307692
1,0,1,-1,1,1,-1,-1,0:-0.7142857142857143
0,1,1,-1,1,-1,1,0,-1:1.0
-1,-1,1,0,1,1,0,-1,1:1.0
0,-1,1,-1,1,1,1,-1,0:1.0
0,1,1,0,1,-1,-1,-1,1:0.0
0,0,1,1,-1,1,-1,0,0:0.0909090909090909
-1,0,1,1,-1,1,-1,0,1:1.0
0,0,0,0,0,1,-1,0,1:0.44186046511627924
-1,1,0,0,0,1,-1,0,1:-1.0
-1,1,-1,1,0,1,-1,0,1:-0.6666666666666666
0,0,-1,0,1,1,1,-1,0:0.24999999999999997
-1,1,-1,0,1,1,1,-1,0:0.05882352941176472
1,1,-1,0,0,-1,1,0,0:-1.0
1,1,-1,-1,0,-1,1,1,0:-1.0
0,0,-1,1,1,0,1,-1,0:0.857142857142857
0,1,1,1,1,-1,0,-1,-1:-1.0
0,0,1,1,-1,0,1,0,-1:-0.5
1,0,1,-1,0,0,-1,0,1:1.0
-1,0,1,0,0,1,-1,0,1:1.0
0,1,0,-1,1,1,0,-1,0:-0.818181818181818
-1,1,0,-1,1,1,1,-1,0:0.06249999999999999
-1,0,0,-1,1,1,1,-1,1:0.09589041095890412
-1,-1,1,-1,1,1,1,-1,1:1.0
1,1,1,-1,0,-1,0,0,0:1.0
1,0,0,-1,1,1,-1,-1,1:1.0
1,-1,0,1,1,0,-1,1,-1:0.10958562156764844
-1,0,0,0,1,0,0,0,1:0.17499999999999996
-1,-1,0,0,1,0,0,1,1:-0.9090909090909091
-1,0,0,0,1,1,1,-1,0:0.7837837837837837
0,1,1,-1,1,1,-1,-1,0:-1.0
1,-1,1,0,0,0,-1,0,1:2.7755575615628914e-17
0,0,-1,1,0,0,1,0,0:-0.14285714285714288
-1,0,-1,1,0,0,1,0,1:-0.75
-1,1,-1,1,-1,0,1,0,1:0.16216216216216214
1,-1,1,0,0,1,0,-1,0:-0.6
0,1,0,-1,0,-1,0,1,1:-1.0
-1,1,1,-1,0,-1,0,1,1:-1.0
1,0,0,-1,1,1,1,-1,-1:0.1111111111111111
1,1,0,-1,1,1,0,-1,-1:-0.8648648648648646
1,1,1,1,-1,-1,0,-1,0:1.0
1,-1,-1,0,0,1,0,1,0:0.33333333333333337
1,-1,-1,1,-1,1,0,1,0:-1.0
1,1,0,0,1,-1,-1,-1,1:1.0
-1,1,0,-1,1,0,1,-1,1:0.17391304347826086
1,-1,0,1,1,0,-1,-1,1:1.0
0,0,-1,1,1,0,0,-1,1:1.0
1,-1,-1,1,1,0,0,-1,1:1.0
0,1,-1,0,0,0,1,0,0:-6.938893903907228e-18
0,1,1,0,0,0,0,0,-1:0.7090909090909091
-1,1,1,-1,0,1,1,0,-1:-1.0
0,1,-1,-1,1,1,1,0,-1:0.09459459459459454
1,-1,-1,-1,1,0,1,1,0:0.0
0,0,0,1,-1,0,0,0,1:-0.23232323232323232
-1,1,0,1,-1,0,0,0,1:-0.04109589041095891
-1,1,1,1,-1,0,-1,0,1:0.05194805194805196
-1,1,1,-1,0,0,1,1,-1:-1.0
1,1,1,1,-1,0,0,-1,-1:1.0
0,-1,0,1,1,0,0,0,0:0.7452830188679244
0,0,0,0,0,0,-1,1,1:0.0
-1,1,0,0,0,0,-1,1,1:-1.0
-1,1,-1,1,0,0,-1,1,1:-1.0
1,-1,0,0,1,1,-1,0,0:0.875
0,0,1,1,-1,1,0,0,-1:-1.0
1,0,-1,-1,1,-1,1,0,1:1.0
1,0,1,-1,1,0,-1,1,-1:0.045454545454545484
0,1,1,-1,1,0,0,0,-1:0.8666666666666666
-1,1,1,-1,1,0,1,0,-1:1.0
1,0,-1,1,0,0,1,-1,0:1.0
1,1,-1,0,-1,1,1,-1,0:0.05454545454545457
0,1,0,0,1,1,-1,-1,0:-0.4782608695652174
-1,1,1,0,1,0,0,0,-1:0.8857142857142857
-1,1,1,-1,1,0,0,1,-1:1.0
0,0,1,-1,1,1,-1,-1,1:1.0
0,1,0,-1,1,1,-1,-1,1:-0.8125000000000001
0,0,0,1,1,1,-1,-1,0:1.0
1,-1,1,0,1,1,-1,-1,0:-1.0
1,-1,0,0,-1,1,1,0,0:-1.0
1,-1,1,-1,-1,1,1,0,0:-0.923076923076923
1,0,1,0,0,-1,0,1,-1:0.5
1,1,-1,0,0,-1,0,1,0:-1.0
1,1,1,-1,0,-1,0,-1,1:1.0
1,1,1,-1,1,-1,-1,1,-1:1.0
1,0,-1,0,0,0,1,0,0:0.5
-1,0,0,0,1,1,0,0,0:-0.015873015873015872
-1,-1,1,0,1,1,0,0,0:0.7142857142857143
-1,-1,1,1,1,1,0,0,-1:1.0
1,-1,1,1,-1,0,0,1,-1:0.140096618357488
1,-1,1,1,-1,-1,1,1,-1:1.0
-1,0,1,-1,1,1,0,-1,1:1.0
1,1,1,1,-1,-1,0,0,-1:1.0
1,-1,-1,0,1,0,1,-1,1:1.0
1,1,-1,0,1,1,0,-1,-1:-1.0
1,1,1,0,0,-1,-1,0,0:1.0
-1,-1,0,1,0,0,1,1,0:-0.6666666666666667
1,1,-1,0,-1,0,0,0,1:-0.9452054794520549
1,1,-1,-1,-1,0,1,0,1:-0.9299999999999998
0,-1,0,0,1,1,0,-1,1:1.0
-1,1,1,-1,1,0,0,-1,1:-1.0
1,0,1,0,0,0,1,-1,-1:1.0
1,1,1,1,-1,0,-1,0,-1:1.0
0,1,0,1,0,0,-1,0,0:0.08333333333333331
-1,-1,1,1,1,0,0,-1,1:1.0
1,-1,1,1,-1,1,-1,0,0:-1.0
1,1,0,0,-1,0,0,-1,1:0.33333333333333326
1,1,0,0,-1,1,-1,-1,1:-1.0
0,1,0,1,1,0,-1,0,-1:-0.24999999999999997
1,1,0,1,1,-1,-1,0,-1:-1.0
-1,1,0,0,1,-1,1,1,-1:1.0
1,1,-1,-1,-1,1,1,1,-1:0.0
0,0,1,1,1,-1,-1,-1,1:0.2
0,1,1,1,0,0,-1,-1,0:0.4
-1,1,1,1,0,1,-1,-1,0:-1.0
-1,0,1,0,-1,1,1,0,0:-0.5
-1,-1,1,1,-1,1,1,0,0:-1.0
0,-1,0,1,-1,1,1,0,0:-1.0
-1,-1,0,1,-1,1,1,1,0:-1.0
0,0,0,0,1,1,-1,-1,1:0.6666666666666666
0,0,-1,1,1,-1,1,0,0:-0.6666666666666667
-1,0,-1,1,1,-1,1,1,0:-1.0
1,1,1,0,0,0,-1,-1,0:1.0
1,-1,-1,0,-1,1,1,1,0:1.0
0,0,0,0,1,-1,0,0,1:0.7763157894736842
-1,1,0,0,1,-1,0,0,1:0.10000000000000002
1,1,-1,-1,1,0,0,-1,1:1.0
1,1,-1,1,0,0,-1,0,0:-1.0
1,1,-1,1,0,1,-1,0,-1:-1.0
0,1,1,0,0,1,-1,-1,0:0.33333333333333337
-1,1,1,0,0,1,-1,-1,1:1.0
0,1,0,0,1,0,-1,1,-1:1.0
1,-1,-1,0,1,1,1,-1,0:1.0
1,-1,-1,1,1,1,1,-1,-1:1.0
0,-1,1,-1,1,1,0,-1,1:1.0
-1,1,0,1,1,0,1,-1,-1:1.0
0,1,-1,0,1,1,-1,-1,1:1.0
1,0,-1,1,1,0,-1,0,0:0.7697841726618709
1,0,-1,1,1,-1,-1,1,0:-0.8000000000000002
-1,-1,1,1,1,0,1,-1,0:1.0
0,0,0,1,-1,0,1,0,0:0.010869565217391295
1,0,0,1,-1,0,1,0,-1:1.0
-1,0,-1,1,1,1,1,-1,0:1.0
-1,1,0,1,1,1,-1,0,-1:1.0
-1,0,1,1,-1,0,0,1,0:-0.6521739130434784
-1,-1,0,0,0,1,0,1,1:-0.6666666666666666
0,0,0,0,1,0,-1,0,1:0.23318385650224233
-1,1,0,0,1,0,-1,0,1:-0.5
-1,1,-1,1,1,0,-1,0,1:1.0
-1,1,0,1,-1,0,1,0,0:-0.33082706766917286
1,0,-1,1,-1,0,1,0,0:1.0
1,0,0,0,1,-1,0,-1,1:1.0
1,0,-1,0,1,0,-1,0,1:1.0
0,0,1,-1,1,0,-1,0,1:-1.0
1,-1,0,0,1,-1,0,0,1:1.0
1,0,0,-1,1,0,-1,0,1:1.0
-1,0,1,0,-1,1,0,1,0:-0.30434782608695654
1,-1,0,1,-1,0,1,0,0:1.0
1,-1,1,0,-1,1,-1,1,0:0.14285714285714285
1,0,0,-1,1,-1,0,0,1:1.0
-1,-1,0,0,1,0,1,1,0:-0.8285714285714287
0,1,0,1,0,-1,0,0,0:-0.2
-1,1,1,1,0,-1,0,1,-1:-1.0
1,-1,1,-1,0,1,1,0,-1:0.20000000000000004
-1,1,0,0,1,1,0,-1,0:0.055555555555555546
1,0,0,0,1,-1,-1,0,1:1.0
0,1,1,1,1,-1,-1,0,-1:-0.7878787878787876
-1,1,1,0,1,1,-1,0,-1:-1.0
1,-1,0,1,1,0,1,-1,-1:1.0
0,-1,1,-1,1,1,0,1,-1:0.09536702767749697
-1,-1,1,-1,1,1,1,1,-1:1.0
-1,0,1,0,1,0,1,0,-1:1.0
0,1,0,-1,1,1,1,-1,-1:0.115606936416185
0,0,1,-1,1,0,1,0,-1:1.0
-1,0,1,1,-1,0,1,0,0:-0.942857142857143
0,-1,0,1,-1,1,0,0,1:-0.8421052631578948
0,1,0,0,1,0,1,-1,-1:0.11584875301689466
-1,1,0,0,1,1,1,-1,-1:1.0
0,0,0,-1,1,1,0,0,0:-0.022727272727272728
-1,1,0,-1,1,1,1,0,-1:1.0
1,-1,-1,0,0,1,0,0,1:-0.6666666666666666
1,-1,-1,0,1,1,-1,0,1:1.0
-1,1,1,0,1,-1,-1,0,1:-0.875
1,0,0,0,0,1,-1,0,0:-0.09090909090909087
1,-1,0,0,1,1,-1,-1,1:1.0
1,0,-1,0,-1,1,0,0,1:-0.9333333333333332
-1,0,0,1,1,1,1,-1,-1:1.0
-1,0,0,1,1,0,0,1,-1:0.9062500000000001
1,1,1,0,0,-1,0,0,-1:1.0
1,0,0,-1,1,1,0,0,-1:-0.04016064257028115
0,0,0,-1,1,1,0,1,-1:0.2090230444660826
0,0,-1,-1,1,1,1,1,-1:0.10359536867763552
1,0,0,0,1,-1,0,1,-1:-0.5797101449275363
0,0,1,0,0,0,1,0,-1:0.7647058823529409
0,0,-1,0,0,1,1,0,0:-0.125
-1,1,-1,0,0,1,1,0,0:0.25
-1,1,-1,1,0,1,1,-1,0:1.0
0,-1,1,0,1,1,0,0,-1:0.8571428571428571
1,0,1,-1,1,0,1,-1,-1:1.0
0,0,0,-1,1,0,0,1,0:0.7614678899082569
1,-1,-1,0,1,1,0,0,0:0.9473684210526315
0,1,0,0,0,-1,1,0,0:0.6
0,0,1,0,1,0,-1,1,-1:0.188505747126437
-1,0,1,1,1,0,-1,1,-1:1.0
1,0,-1,1,0,-1,1,0,0:1.0
0,-1,1,1,1,1,-1,0,-1:1.0
1,1,0,0,-1,1,0,0,-1:0.3
1,1,-1,0,-1,1,1,0,-1:0.20000000000000004
1,0,0,0,1,0,-1,-1,1:1.0
0,-1,1,1,1,-1,0,1,-1:0.10912190963341858
1,1,0,0,1,-1,1,-1,-1:-1.0
0,-1,0,0,1,1,0,1,-1:0.20319786808794127
1,-1,0,-1,1,1,0,1,-1:0.0
-1,1,0,-1,1,1,0,1,-1:1.0
0,-1,0,-1,1,1,1,1,-1:0.06749999999999998
0,1,0,-1,1,1,0,0,-1:0.045454545454545435
0,1,1,-1,1,1,-1,0,-1:-1.0
1,-1,1,1,-1,-1,0,1,0:0.08411214953271025
0,0,-1,-1,1,1,0,1,0:0.2222222222222222
0,1,1,0,1,-1,1,-1,-1:1.0
0,1,-1,-1,1,1,0,1,-1:1.0
0,0,1,-1,1,1,0,0,-1:-0.6634146341463416
-1,0,1,-1,1,1,1,0,-1:1.0
0,0,1,-1,1,1,-1,1,-1:-0.9285714285714285
-1,0,-1,0,1,1,1,0,0:-0.625
0,0,-1,1,1,1,0,0,-1:1.0
0,-1,-1,0,1,1,1,1,-1:-0.9004975124378115
1,-1,-1,0,1,1,0,1,-1:0.10088495575221244
-1,1,0,0,-1,0,0,1,1:-0.7692307692307694
-1,1,-1,0,-1,0,1,1,1:1.0
-1,1,-1,0,1,0,-1,1,1:1.0
1,-1,-1,1,-1,1,0,0,1:-1.0
0,-1,0,0,0,0,1,0,1:0.2
-1,-1,1,0,0,0,1,0,1:1.0
-1,-1,1,1,0,-1,1,0,1:1.0
0,0,1,0,1,1,-1,0,-1:-0.8909090909090908
1,0,0,0,1,-1,1,0,-1:-0.6363636363636364
1,1,0,0,-1,1,-1,0,0:-1.0
1,-1,1,0,0,0,1,0,-1:0.8888888888888888
0,1,0,0,1,-1,1,0,-1:-0.5
1,0,0,-1,1,-1,0,1,0:1.0
1,0,1,0,-1,1,-1,0,0:0.6666666666666666
1,0,1,0,-1,0,1,0,-1:1.0
1,-1,1,1,-1,0,1,0,-1:1.0
0,1,-1,1,1,0,-1,0,0:0.9333333333333333
0,1,-1,1,1,-1,-1,1,0:1.0
-1,0,0,0,1,0,-1,1,1:-0.8620689655172414
-1,1,0,0,1,-1,-1,1,1:1.0
0,1,0,1,1,-1,0,0,-1:-0.795918367346939
0,0,1,1,1,-1,0,0,-1:0.10423452768729649
1,-1,1,0,0,1,-1,0,0:0.8333333333333334
0,-1,0,1,1,0,0,1,-1:0.10051880674448799
0,-1,-1,1,1,0,1,1,-1:-1.0
1,0,-1,1,-1,0,0,0,1:-0.6
1,-1,-1,1,-1,0,1,0,1:1.0
-1,1,1,-1,-1,0,0,1,1:-1.0
-1,0,1,0,1,0,0,1,-1:0.8529411764705883
0,1,0,-1,1,1,-1,1,-1:1.0
1,0,0,0,0,0,0,-1,1:0.5638297872340426
1,-1,0,1,0,0,0,-1,1:-0.6
-1,0,0,1,1,1,0,0,-1:1.0
1,0,1,0,0,-1,1,0,-1:1.0
1,1,1,-1,0,-1,1,0,-1:1.0
0,0,-1,0,-1,1,1,1,0:0.5357142857142857
-1,1,-1,0,-1,1,1,1,0:-0.5555555555555555
-1,0,0,0,1,1,0,1,-1:0.890909090909091
-1,1,-1,0,1,1,0,1,-1:1.0
1,0,-1,0,0,1,0,1,-1:-0.025423728813559324
1,-1,-1,1,0,1,0,1,-1:1.0
1,-1,-1,1,-1,1,1,1,-1:1.0
0,0,0,-1,1,1,1,0,-1:0.2055655296229802
1,1,-1,0,0,0,0,-1,1:0.5714285714285715
0,0,0,1,1,-1,-1,1,0:0.19526627218934917
-1,1,0,1,1,-1,-1,1,0:1.0
0,0,0,0,1,-1,1,1,-1:-0.7058823529411764
1,-1,0,0,1,-1,1,1,-1:-0.6923076923076924
1,-1,0,-1,1,1,0,0,0:0.2413793103448276
-1,1,0,-1,-1,1,0,1,1:-1.0
0,1,0,-1,1,0,-1,1,0:1.0
1,1,0,-1,0,1,0,0,-1:0.6666666666666667
-1,1,1,0,0,-1,0,1,0:-0.6666666666666666
-1,1,1,-1,1,-1,0,1,0:1.0
0,-1,-1,0,1,1,1,0,0:-1.0
1,0,-1,1,-1,-1,1,0,1:1.0
0,0,0,-1,1,0,-1,1,1:-0.8461538461538461
1,-1,-1,0,0,1,1,0,0:0.2
1,0,0,0,-1,1,0,1,-1:0.013245033112582778
1,1,-1,0,-1,1,0,1,-1:-0.7894736842105261
-1,0,1,1,1,-1,0,0,0:0.2371364653243846
-1,0,1,-1,1,1,0,1,-1:-0.7647058823529411
0,0,1,-1,1,0,0,0,0:0.6271186440677963
0,0,0,0,1,-1,0,1,0:0.7160493827160496
1,-1,0,0,1,-1,0,1,0:0.1111111111111111
1,0,1,-1,1,-1,0,0,0:1.0
0,0,1,0,1,-1,1,0,-1:1.0
0,1,1,0,0,0,1,-1,-1:1.0
1,0,1,-1,1,0,-1,0,0:0.8648648648648649
0,0,0,0,1,1,-1,1,-1:0.7790697674418604
-1,1,0,0,1,1,-1,1,-1:1.0
0,1,1,-1,1,0,1,-1,-1:1.0
1,0,-1,1,0,1,0,0,-1:0.0
-1,0,0,-1,1,0,1,1,0:0.6666666666666667
1,0,0,-1,0,0,1,0,0:0.16666666666666669
1,-1,0,-1,0,0,1,0,1:0.5555555555555556
1,-1,0,-1,0,-1,1,1,1:1.0
-1,0,1,0,1,1,0,0,-1:0.9699248120300753
-1,-1,1,0,1,1,1,0,-1:1.0
0,0,-1,0,0,0,1,1,0:-0.057692307692307654
-1,1,-1,0,0,0,1,1,0:1.0
-1,0,-1,0,1,1,1,-1,1:-1.0
1,-1,0,0,0,-1,1,0,1:1.0
1,-1,0,1,1,-1,-1,1,0:0.07692307692307693
-1,1,1,0,-1,0,0,0,1:-0.0335820895522388
-1,1,1,-1,-1,1,0,0,1:1.0
1,-1,0,-1,0,0,1,1,0:0.33333333333333337
1,-1,-1,-1,0,0,1,1,1:1.0
-1,0,0,1,1,-1,1,-1,1:0.03703703703703705
1,-1,-1,0,0,0,1,1,0:0.7142857142857143
-1,1,0,0,-1,1,0,1,0:-1.0
0,-1,1,1,1,0,-1,1,-1:0.0995161290322587
-1,0,0,1,-1,1,0,1,0:-0.8333333333333334
1,0,1,1,0,-1,-1,0,0:0.16666666666666666
1,0,-1,0,0,-1,1,0,1:1.0
1,1,-1,0,0,-1,1,-1,1:1.0
-1,1,0,1,1,-1,-1,0,1:0.11158798283261805
0,0,1,1,0,-1,-1,1,0:0.0
1,0,1,1,0,-1,-1,1,-1:0.0
0,0,-1,-1,0,0,1,1,1:1.0
0,-1,1,0,1,-1,1,1,-1:1.0
-1,0,1,1,0,-1,0,0,1:0.08108108108108109
1,0,-1,-1,1,1,0,1,-1:0.11307767944936085
0,-1,1,1,1,0,1,-1,-1:1.0
-1,0,0,-1,1,1,1,1,-1:1.0
-1,1,1,0,0,0,0,-1,1:0.4285714285714286
-1,1,1,-1,0,1,0,-1,1:1.0
0,-1,1,0,0,0,-1,1,1:0.19999999999999998
-1,-1,1,1,0,0,-1,1,1:0.33333333333333337
-1,0,0,0,-1,1,0,1,1:0.7142857142857142
-1,-1,1,0,-1,1,0,1,1:1.0
0,0,0,1,0,0,0,-1,1:0.0
-1,1,0,1,0,0,0,-1,1:0.0
0,-1,0,0,1,0,0,1,0:-0.017543859649122785
0,-1,-1,0,1,0,0,1,1:-0.5294117647058822
0,-1,-1,0,1,1,-1,1,1:0.3333333333333333
0,0,0,0,-1,-1,1,1,1:1.0
0,0,1,1,0,-1,-1,0,1:0.0
0,-1,1,0,1,1,-1,1,-1:0.10243955094991325
1,-1,1,0,-1,1,-1,0,1:1.0
0,1,-1,0,0,0,0,0,1:0.28205128205128194
-1,1,-1,0,-1,1,1,0,1:0.11290322580645157
-1,0,0,1,-1,1,1,0,0:-1.0
-1,-1,0,1,-1,1,1,0,1:-1.0
-1,0,0,1,-1,0,1,1,0:-0.673469387755102
-1,-1,0,1,-1,0,1,1,1:1.0
0,1,0,-1,1,0,-1,0,1:-1.0
0,1,1,1,0,-1,0,-1,0:0.0
0,1,1,1,-1,-1,0,-1,1:0.09925093632958792
1,0,0,-1,0,-1,1,0,1:-0.2
-1,1,0,1,0,1,0,0,-1:-1.0
1,1,-1,0,0,-1,0,0,1:-0.6470588235294118
1,1,-1,1,-1,-1,0,0,1:-0.9047619047619047
1,1,0,0,0,1,-1,0,-1:1.0
1,1,-1,0,0,1,-1,1,-1:-0.3333333333333333
-1,0,-1,1,-1,1,1,1,0:-1.0
-1,0,-1,1,-1,0,1,1,1:1.0
-1,0,1,-1,0,0,0,1,1:-0.2727272727272727
-1,0,1,-1,-1,0,1,1,1:1.0
1,0,1,0,0,0,-1,-1,1:0.0
1,-1,1,1,0,0,-1,-1,1:-1.0
0,-1,0,0,1,1,-1,1,0:0.09374999999999999
0,-1,0,0,1,1,0,0,0:0.7216494845360826
0,-1,1,1,0,0,-1,0,1:0.4
0,0,0,1,0,0,-1,0,1:0.32352941176470584
-1,1,0,1,0,0,-1,0,1:0.0
-1,0,-1,0,-1,1,1,1,1:1.0
1,-1,0,1,0,0,-1,0,1:-0.25
1,-1,-1,1,1,0,-1,0,1:1.0
-1,0,1,1,1,0,1,-1,-1:1.0
1,0,-1,0,1,0,0,1,-1:-0.8680555555555552
-1,-1,1,0,1,1,0,1,-1:1.0
0,0,1,1,0,0,0,0,-1:0.15789473684210523
0,0,0,1,0,-1,1,-1,1:0.2857142857142857
1,-1,0,1,0,-1,1,-1,1:1.0
-1,1,1,0,-1,-1,1,0,1:-1.0
0,1,0,-1,1,0,0,1,-1:1.0
0,-1,-1,1,1,1,0,1,-1:1.0
0,-1,0,0,1,0,1,1,-1:-0.6500742942050528
1,-1,-1,0,1,0,1,1,-1:-0.922680412371134
1,0,0,1,-1,0,1,-1,0:1.0
1,-1,0,-1,1,1,-1,1,0:0.07614213197969547
-1,0,0,-1,-1,1,1,1,1:1.0
0,-1,1,0,0,1,0,0,0:0.625
-1,-1,1,0,0,1,0,0,1:1.0
-1,1,1,1,0,-1,-1,1,0:0.0
-1,-1,0,0,1,1,0,1,0:-0.5625
0,1,0,0,1,-1,0,1,-1:1.0
0,-1,0,1,1,1,-1,1,-1:1.0
0,0,0,1,-1,0,1,1,-1:-0.6874999999999999
-1,0,0,0,1,1,1,0,-1:1.0
0,0,0,0,-1,0,0,1,1:-0.09090909090909093
1,0,-1,0,-1,0,0,1,1:-1.0
1,1,-1,-1,-1,0,0,1,1:-1.0
1,1,0,-1,-1,0,0,0,1:-1.0
0,1,-1,0,1,1,-1,1,-1:1.0
1,-1,0,1,1,-1,0,1,-1:-0.8403361344537815
1,0,1,-1,-1,0,0,0,1:-0.6842105263157895
0,0,0,0,-1,0,1,1,0:0.05828421741977749
1,0,1,0,-1,0,0,-1,1:-0.7142857142857143
1,1,1,-1,-1,0,0,-1,1:1.0
0,0,0,0,-1,1,-1,1,1:-0.5555555555555556
-1,1,0,0,-1,1,-1,1,1:-1.0
0,0,0,0,0,0,1,1,-1:-1.0
0,1,0,0,0,0,1,0,-1:0.5714285714285714
-1,1,0,0,0,0,1,1,-1:-1.0
0,0,-1,1,1,-1,0,1,0:-0.6666666666666667
1,0,0,0,-1,1,-1,1,0:-0.6666666666666666
0,0,-1,1,1,0,-1,0,1:1.0
0,0,1,0,0,1,0,-1,0:0.2857142857142857
0,-1,1,1,1,-1,-1,1,0:0.0
1,0,0,-1,-1,1,0,0,1:0.09606986899563322
1,0,-1,-1,-1,1,1,0,1:0.12135922330097085
-1,0,0,1,0,0,0,0,1:-0.5
0,-1,1,0,1,0,0,0,0:0.888888888888889
0,0,1,1,1,-1,-1,0,0:-1.766263902812749e-17
1,0,0,1,-1,1,0,-1,0:-1.0
1,0,1,1,-1,1,0,-1,-1:-1.0
0,0,-1,0,1,1,1,0,-1:0.19981998199819986
1,-1,-1,0,1,1,1,0,-1:0.05263157894736842
0,-1,0,1,1,0,-1,0,1:0.0
0,1,1,0,0,0,-1,-1,1:0.33333333333333337
-1,1,1,0,1,0,-1,1,-1:1.0
0,1,1,0,0,-1,-1,0,1:-0.2
-1,-1,1,0,1,0,-1,1,1:-0.8648648648648645
-1,1,1,1,-1,-1,0,0,1:0.0
1,-1,-1,0,-1,1,1,0,1:-1.0
1,-1,1,0,0,-1,-1,1,1:0.055555555555555566
1,0,-1,0,0,0,0,0,1:0.43859649122807015
0,0,1,0,1,-1,0,0,0:0.910340314136126
1,0,0,0,-1,0,1,0,0:0.01593625498007968
1,-1,1,0,1,0,-1,-1,1:1.0
1,1,-1,0,-1,0,1,0,0:0.019838809671419745
0,-1,1,1,1,-1,1,0,-1:1.0
1,-1,0,0,1,1,1,-1,-1:1.0
0,1,-1,0,-1,0,0,1,1:-0.0769230769230769
0,1,-1,-1,-1,0,1,1,1:1.0
1,1,-1,-1,0,1,-1,0,1:-1.0
1,-1,1,-1,0,0,-1,1,1:1.0
-1,0,0,0,1,-1,1,0,1:0.7608695652173911
-1,-1,1,0,1,-1,1,0,1:1.0
0,0,0,1,1,-1,0,1,-1:-0.8476190476190475
1,1,0,-1,-1,1,-1,0,1:-1.0
-1,0,0,1,1,-1,1,0,0:-0.6052631578947368
-1,0,-1,1,1,-1,1,0,1:-0.9375
0,-1,1,1,-1,0,-1,1,1:0.02127659574468085
1,0,0,-1,-1,1,-1,1,1:-1.0
1,0,0,-1,1,1,-1,0,0:0.09289617486338798
0,0,1,1,1,0,-1,0,-1:-0.6307692307692309
0,1,0,0,-1,0,1,0,0:-0.22891566265060248
-1,1,1,0,-1,0,1,0,0:-0.8235294117647057
-1,1,1,-1,-1,1,1,0,0:-0.6
-1,1,1,1,-1,0,1,-1,0:-0.7222222222222223
-1,1,0,1,1,-1,1,0,-1:-0.3333333333333333
1,1,0,-1,-1,0,1,0,0:-0.5263157894736841
1,1,-1,-1,0,0,0,1,0:-1.0
1,1,-1,-1,-1,1,0,1,0:-0.75
1,1,0,-1,0,0,0,-1,1:1.0
1,0,0,-1,-1,1,1,0,0:-0.05780346820809248
1,-1,0,-1,-1,1,1,1,0:0.072
1,1,0,-1,-1,1,-1,1,0:-1.0
1,0,1,-1,-1,1,-1,0,1:1.0
1,-1,0,-1,1,1,1,0,-1:0.0
-1,0,0,0,1,-1,1,1,0:0.75
1,1,0,1,-1,0,-1,0,0:-1.0
1,1,0,-1,-1,1,0,-1,1:0.0
0,-1,1,0,1,0,-1,0,1:0.8604651162790694
1,-1,1,0,-1,0,-1,1,1:0.06451612903225808
1,0,-1,0,0,-1,1,1,0:-0.2
1,-1,-1,1,0,-1,1,1,0:1.0
1,0,-1,0,1,0,1,0,-1:-0.6936936936936936
1,0,1,1,1,-1,-1,0,-1:-0.855421686746988
0,0,0,1,1,-1,1,0,-1:-0.6451612903225806
-1,0,1,-1,1,-1,0,1,1:-0.6666666666666666
-1,-1,1,-1,1,-1,1,1,1:1.0
0,-1,1,1,1,0,0,0,-1:0.9444444444444444
1,-1,1,-1,1,0,-1,0,1:1.0
-1,1,0,1,0,-1,1,-1,1:0.0
-1,0,-1,0,1,0,1,1,0:-1.0
0,0,1,1,1,-1,-1,1,-1:0.10135841170323934
1,-1,1,-1,-1,0,0,1,1:-1.0
0,1,0,0,-1,1,-1,1,0:-1.0
-1,1,1,0,-1,1,-1,1,0:-1.0
0,0,-1,0,1,1,0,1,-1:0.9420289855072462
0,0,-1,0,-1,1,0,1,1:-0.5584415584415586
0,-1,-1,1,-1,1,0,1,1:-1.0
1,1,0,0,-1,0,-1,1,0:-1.0
0,1,-1,0,0,0,0,1,0:-2.0816681711721685e-17
1,1,-1,0,-1,-1,0,1,1:-1.0
0,0,1,0,-1,1,-1,1,0:0.38461538461538464
-1,0,1,0,-1,1,-1,1,1:1.0
0,0,0,0,-1,0,1,0,1:0.041086350974930505
-1,1,0,0,-1,0,1,0,1:0.3
-1,1,0,1,-1,-1,1,0,1:0.13513513513513514
0,-1,1,0,1,0,-1,1,0:0.004329004329004322
0,0,-1,1,1,0,1,0,-1:-0.7187499999999999
-1,0,-1,1,1,1,1,0,-1:1.0
-1,0,0,0,-1,0,1,1,1:1.0
0,1,0,0,-1,0,0,1,0:-0.6785714285714284
0,1,-1,1,-1,0,0,1,0:-1.0
0,1,-1,1,1,1,-1,0,-1:1.0
1,-1,-1,0,0,0,1,0,1:1.0
0,1,0,-1,0,0,1,0,0:0.0
1,1,-1,-1,0,0,1,0,0:-0.25
1,1,-1,-1,0,-1,1,0,1:-1.0
1,0,1,0,-1,1,-1,1,-1:0.1904761904761905
0,0,1,-1,1,0,0,1,-1:0.8194444444444446
1,0,1,-1,1,-1,0,1,-1:1.0
0,1,0,0,1,1,-1,0,-1:-1.0
1,0,-1,0,0,0,1,1,-1:-0.46153846153846156
1,-1,-1,1,0,0,1,1,-1:1.0
0,1,0,0,-1,0,0,0,1:-0.0963855421686747
1,0,1,1,-1,0,1,-1,-1:1.0
0,1,-1,-1,1,0,1,0,0:0.0909090909090909
1,0,1,-1,-1,0,1,0,0:-0.4545454545454546
1,-1,1,-1,-1,0,1,1,0:-1.0
1,0,-1,-1,-1,1,1,1,0:0.10526315789473684
0,-1,-1,1,-1,1,1,0,1:-1.0
1,0,-1,1,1,-1,-1,0,1:1.0
-1,0,0,-1,1,1,1,0,0:0.09523809523809522
0,0,-1,1,1,-1,0,0,1:0.16417910447761194
0,-1,-1,1,1,1,1,0,-1:1.0
0,1,0,1,-1,1,0,-1,0:-1.0
-1,0,1,0,1,0,-1,0,1:-0.9642857142857142
1,-1,0,1,-1,0,0,0,1:-1.0
1,-1,0,-1,-1,1,0,1,1:1.0
0,-1,1,0,1,-1,-1,1,1:0.0
0,0,1,1,-1,1,0,-1,0:-1.0
0,-1,1,0,0,1,-1,0,1:1.0
0,-1,0,1,-1,0,1,1,0:0.7777777777777777
1,0,-1,0,-1,1,0,1,0:-2.7755575615628914e-17
1,1,0,0,-1,-1,1,0,0:-0.4285714285714286
0,1,-1,1,-1,-1,0,1,1:-1.0
1,0,-1,0,0,0,0,1,0:-0.005586592178770932
0,1,1,1,-1,0,-1,0,0:0.052631578947368446
1,1,0,0,0,-1,1,-1,0:1.0
1,1,-1,1,-1,-1,1,-1,1:1.0
0,-1,1,-1,1,1,1,0,-1:1.0
-1,1,-1,0,1,-1,1,0,1:0.11111111111111116
-1,1,-1,1,1,0,0,1,-1:1.0
0,0,-1,1,-1,0,0,1,1:0.3333333333333333
1,0,-1,1,-1,-1,0,1,1:-0.3333333333333333
1,-1,-1,1,-1,-1,1,1,1:1.0
-1,0,1,0,0,1,0,0,0:0.7317073170731706
1,0,0,-1,-1,0,0,1,1:-0.5714285714285714
1,0,-1,-1,-1,0,1,1,1:1.0
1,-1,0,-1,-1,1,1,0,1:-0.75
0,-1,0,0,1,1,1,0,-1:0.8333333333333331
1,1,1,-1,0,-1,-1,0,1:1.0
-1,1,1,0,1,-1,0,-1,1:0.21428571428571427
1,0,0,0,0,1,1,-1,-1:0.4
1,1,0,0,-1,1,1,-1,-1:1.0
1,1,1,-1,-1,1,1,-1,-1:1.0
-1,0,1,0,0,1,1,0,-1:-0.2
0,0,0,0,1,1,1,-1,-1:0.5384615384615384
1,1,0,1,0,-1,-1,0,0:0.0
0,-1,-1,1,1,1,0,0,0:1.0
-1,1,-1,1,0,-1,1,1,0:-1.0
0,1,1,-1,1,0,-1,-1,1:-1.0
-1,0,1,1,-1,0,0,0,1:0.03636363636363637
-1,1,1,1,-1,0,0,-1,1:0.060606060606060635
0,-1,1,1,-1,0,1,0,0:-0.8999999999999999
0,-1,1,1,-1,-1,1,0,1:-1.0
1,-1,1,0,0,1,-1,-1,1:1.0
0,0,1,1,0,-1,0,0,0:-0.5
1,0,0,-1,-1,0,1,1,0:-0.5454545454545454
0,1,0,-1,1,1,-1,0,0:-0.7142857142857143
0,-1,1,1,-1,0,0,0,1:-0.4444444444444444
0,-1,1,1,-1,-1,0,1,1:0.1521739130434783
0,0,1,0,-1,0,1,0,0:-0.00833333333333334
0,1,1,0,-1,0,1,-1,0:1.0
1,1,1,0,-1,-1,1,-1,0:1.0
1,1,-1,-1,-1,0,1,1,0:-0.8539325842696631
0,-1,-1,0,0,1,0,1,1:-1.0
-1,-1,0,0,1,1,1,1,-1:-0.6363636363636364
1,-1,1,0,0,1,1,-1,-1:-1.0
-1,1,0,-1,-1,0,1,1,1:1.0
-1,1,0,0,0,-1,0,1,1:1.0
-1,1,0,-1,1,-1,0,1,1:1.0
-1,0,1,0,-1,0,1,1,0:-0.6666666666666666
-1,-1,1,0,-1,0,1,1,1:1.0
1,0,1,0,1,-1,-1,1,-1:0.055555555555555566
1,-1,1,0,-1,0,1,0,0:-0.8333333333333334
1,-1,1,-1,0,1,0,0,0:0.0
0,-1,-1,0,1,1,0,0,1:-1.0
0,1,1,-1,-1,0,1,0,0:-0.75
-1,0,1,1,1,-1,-1,1,0:0.10526315789473685
1,-1,1,0,-1,1,0,1,-1:0.0
0,-1,-1,1,0,1,0,0,1:-1.0
1,0,0,-1,-1,1,0,1,0:0.28571428571428575
1,0,1,-1,-1,1,-1,1,0:1.0
1,1,1,-1,-1,1,-1,1,-1:1.0
-1,0,0,0,0,1,-1,1,1:-0.4
-1,-1,1,0,0,1,-1,1,1:1.0
-1,0,-1,1,1,0,1,0,0:-0.8
0,0,0,-1,-1,1,1,0,1:0.3
0,-1,1,1,-1,0,0,1,0:0.07843137254901969
-1,1,0,1,-1,0,-1,1,1:-1.0
0,-1,1,1,-1,0,1,1,-1:-0.75
1,0,0,1,-1,0,-1,0,1:-1.0
1,1,1,-1,-1,1,0,0,-1:1.0
0,1,-1,0,-1,0,1,1,0:-0.3055555555555555
0,0,1,-1,0,1,0,-1,1:1.0
0,-1,-1,0,0,1,1,0,1:-1.0
1,-1,-1,1,0,-1,0,1,1:1.0
-1,1,0,1,1,-1,0,1,-1:1.0
1,-1,0,0,-1,1,0,0,1:-0.6
0,-1,1,0,-1,1,1,0,0:-0.5
-1,-1,1,0,-1,1,1,0,1:1.0
1,0,-1,0,-1,0,1,0,1:0.6785714285714285
1,-1,0,-1,1,0,0,0,1:1.0
0,0,1,0,-1,0,0,1,0:0.016393442622950827
1,0,1,-1,-1,0,0,1,0:-0.2
1,1,1,-1,-1,0,-1,1,0:1.0
-1,-1,1,1,0,-1,0,1,1:0.0
0,-1,0,0,-1,1,1,0,1:-0.49999999999999994
-1,-1,0,0,-1,1,1,1,1:1.0
-1,0,0,1,-1,0,1,0,1:0.012820512820512827
0,1,-1,-1,1,1,0,-1,1:0.07692307692307693
-1,1,0,-1,1,-1,1,1,0:1.0
0,0,1,-1,-1,1,1,0,0:0.1702127659574468
1,0,1,-1,-1,1,1,-1,0:-1.0
0,-1,1,1,-1,1,-1,0,1:1.0
0,0,1,-1,-1,0,1,1,0:-0.4285714285714286
-1,0,1,-1,-1,1,1,1,0:-0.6
-1,-1,1,-1,-1,1,1,1,1:1.0
0,1,1,1,-1,0,0,0,-1:-1.0
-1,0,1,-1,0,1,0,0,1:1.0
-1,1,-1,0,0,1,-1,1,1:-1.0
0,1,0,1,-1,0,-1,0,1:0.0
-1,0,1,0,0,0,-1,1,1:-1.0
1,0,0,-1,1,0,0,-1,1:1.0
1,1,-1,-1,1,0,-1,0,1:1.0
1,0,1,1,-1,-1,1,0,-1:1.0
1,1,-1,0,-1,0,1,-1,1:0.1131386861313868
-1,1,1,0,-1,0,0,1,0:-1.0
0,0,1,-1,-1,0,1,0,1:-0.4
1,1,0,0,0,1,0,-1,-1:-0.11111111111111108
1,1,-1,1,0,1,0,-1,-1:1.0
-1,0,0,1,0,0,-1,1,1:-0.5
-1,0,1,1,-1,0,-1,1,1:0.08866995073891627
-1,-1,1,1,-1,0,1,0,1:-1.0
-1,1,-1,0,1,1,0,-1,1:0.09285714285714282
-1,0,1,0,0,0,1,0,0:0.5625
-1,1,1,-1,0,0,1,0,0:-0.5
-1,1,0,0,-1,0,1,1,0:-1.0
0,1,1,0,1,-1,0,-1,0:0.6666666666666666
0,-1,1,-1,-1,1,1,1,0:0.0
0,0,0,1,1,0,-1,1,-1:0.6493506493506493
-1,0,0,1,1,1,-1,1,-1:1.0
0,1,-1,1,0,-1,0,0,1:0.0
1,-1,1,-1,-1,0,1,0,1:-1.0
1,0,-1,-1,0,0,1,0,1:0.5
1,1,-1,-1,0,0,1,-1,1:0.25
1,0,-1,-1,1,1,-1,0,1:1.0
-1,0,0,-1,1,1,0,1,0:-0.6363636363636364
-1,-1,0,-1,1,1,1,1,0:-1.0
0,-1,0,1,-1,0,1,0,1:-0.33333333333333326
1,0,0,0,-1,0,-1,1,1:-1.0
1,1,0,-1,-1,0,-1,1,1:-1.0
-1,0,0,-1,1,1,0,0,1:-0.8749999999999999
-1,-1,0,-1,1,1,1,0,1:-0.5
-1,0,1,0,1,1,-1,1,-1:-0.8181818181818182
0,-1,1,-1,-1,1,1,0,1:1.0
0,0,1,0,1,-1,0,1,-1:0.7384615384615384
1,0,0,0,-1,1,-1,0,1:-0.6666666666666666
0,1,0,0,-1,0,-1,1,1:-0.75
-1,1,1,0,-1,0,-1,1,1:-0.9347826086956518
0,0,0,-1,0,1,1,0,0:0.2
1,-1,0,0,-1,1,1,1,-1:0.14285714285714288
0,1,0,1,-1,0,0,1,-1:-1.0
0,0,0,-1,1,1,-1,0,1:-0.8823529411764705
1,0,-1,0,-1,1,1,1,-1:0.10240963855421684
0,0,1,0,-1,0,-1,1,1:1.0408340855860843e-17
0,0,0,1,-1,0,-1,1,1:-0.15789473684210525
-1,0,1,-1,0,0,1,0,1:1.0
0,1,0,0,-1,1,0,1,-1:-1.0
1,1,0,0,-1,1,-1,1,-1:-1.0
1,-1,-1,0,1,0,-1,1,1:1.0
0,0,1,-1,0,0,0,0,1:0.9062499999999999
1,-1,1,-1,0,0,0,0,1:0.7142857142857143
0,0,1,-1,0,1,0,0,0:0.7272727272727272
0,1,1,1,0,-1,-1,0,0:0.0
1,0,1,-1,-1,0,-1,1,1:-1.0
0,0,1,1,0,0,-1,-1,1:0.0
-1,1,1,1,0,0,-1,-1,1:0.1111111111111111
0,0,-1,0,1,-1,1,1,0:-0.7142857142857143
0,-1,0,1,1,1,0,0,-1:1.0
1,0,1,0,1,-1,1,-1,-1:1.0
1,-1,1,1,0,1,0,-1,-1:-1.0
0,1,0,-1,-1,0,0,1,1:-1.0
1,-1,0,1,-1,0,-1,1,1:-0.8571428571428572
0,-1,0,0,0,1,0,0,1:-0.42857142857142855
0,1,0,-1,-1,1,-1,1,1:-1.0
-1,0,-1,1,1,0,-1,1,1:-1.0
1,1,0,0,-1,1,0,-1,0:0.01612903225806451
0,-1,1,-1,1,0,1,1,-1:1.0
1,1,0,0,-1,0,-1,0,1:-1.0
-1,1,1,0,0,0,1,0,-1:-0.11111111111111108
0,1,1,-1,-1,0,-1,1,1:-1.0
0,-1,1,0,-1,1,0,0,1:1.0
0,-1,1,0,0,0,1,0,0:-0.4
1,-1,1,-1,0,0,1,0,0:-0.5
0,0,0,-1,1,1,-1,1,0:-0.5000000000000002
-1,0,-1,1,0,1,-1,1,1:-1.0
0,0,-1,0,0,0,1,0,1:0.7765957446808509
1,0,0,0,-1,0,1,1,-1:0.03693181818181809
1,-1,1,0,-1,0,1,1,-1:0.05000000000000001
0,0,1,-1,0,0,1,1,-1:1.0
-1,0,1,-1,1,0,1,1,-1:1.0
0,1,-1,0,-1,1,0,0,1:-0.8695652173913043
0,0,0,0,-1,1,1,1,-1:-0.8301886792452833
0,-1,0,1,-1,0,0,1,1:-0.07317073170731707
0,-1,0,1,-1,1,-1,1,1:-1.0
1,0,0,1,1,-1,-1,1,-1:-0.8571428571428571
1,1,1,-1,0,1,-1,-1,0:1.0
-1,1,-1,0,1,-1,0,1,1:1.0
0,-1,1,0,1,1,1,-1,-1:1.0
0,1,1,0,-1,0,-1,0,1:0.5
1,1,1,0,-1,-1,-1,0,1:1.0
0,0,0,1,-1,1,1,-1,0:-1.0
-1,0,1,1,-1,1,1,-1,0:-1.0
0,-1,0,-1,1,1,0,0,1:0.7931034482758623
1,0,0,0,-1,1,1,-1,0:-0.5
1,0,0,0,-1,0,1,-1,1:-0.9090909090909093
-1,0,0,0,1,1,-1,0,1:-1.0
1,1,-1,1,0,-1,-1,0,1:-1.0
1,-1,0,0,0,0,1,0,0:0.6666666666666666
1,-1,-1,-1,0,1,1,1,0:0.3333333333333333
0,-1,0,1,0,0,1,0,0:-1.0
-1,-1,1,1,0,0,1,0,0:-1.0
0,1,0,0,-1,0,1,-1,1:-0.006211180124223609
-1,1,1,0,-1,0,1,-1,1:0.12500000000000003
-1,1,1,-1,-1,1,1,-1,1:1.0
1,0,1,0,-1,1,0,-1,0:-0.6666666666666666
1,1,1,0,-1,1,0,-1,-1:1.0
1,-1,0,1,-1,1,0,1,-1:0.0
-1,0,0,1,1,0,-1,0,1:0.17582417582417595
1,0,-1,0,-1,-1,1,1,1:1.0
1,0,0,-1,-1,1,1,-1,1:-0.8333333333333334
-1,-1,0,1,1,0,-1,1,1:-0.8701298701298703
-1,1,-1,0,0,0,1,0,1:0.5
1,0,0,-1,-1,0,1,0,1:-0.894736842105263
0,0,1,0,0,0,-1,1,0:-0.4166666666666667
-1,1,1,0,0,0,-1,1,0:-1.0
0,0,-1,0,-1,1,1,0,1:0.02307692307692311
0,-1,-1,0,-1,1,1,1,1:1.0
-1,0,1,1,0,0,-1,1,0:0.0
0,1,0,-1,-1,0,1,0,1:-0.7500000000000001
1,-1,0,-1,0,0,0,1,1:1.0
1,-1,0,-1,1,1,-1,0,1:1.0
0,0,1,0,0,1,-1,-1,1:1.0
0,-1,1,1,1,-1,0,0,0:0.1707317073170732
1,0,1,0,0,1,0,-1,-1:-1.0
-1,-1,0,1,1,0,0,1,0:-0.5789473684210525
1,1,-1,1,-1,0,1,-1,0:1.0
1,1,1,-1,0,1,0,-1,-1:1.0
-1,0,1,0,1,0,-1,1,0:-0.7083333333333334
-1,0,1,0,-1,0,0,1,1:0.5681818181818181
-1,1,1,0,-1,-1,0,1,1:-0.8749999999999999
0,0,1,0,-1,0,1,1,-1:-0.8749999999999998
0,1,-1,1,-1,0,0,0,1:-0.125
0,1,-1,1,-1,-1,1,0,1:1.0
1,1,-1,0,-1,-1,1,1,0:-1.0
0,0,0,-1,1,0,1,1,-1:0.6666666666666665
-1,0,1,-1,1,0,1,0,0:1.0
1,-1,-1,1,1,-1,0,0,1:1.0
1,0,0,1,0,0,1,-1,-1:1.0
0,0,1,0,0,1,-1,0,0:0.22222222222222227
-1,-1,0,0,0,1,1,1,0:-1.0
-1,0,0,1,0,1,0,0,0:-0.125
-1,-1,0,1,0,1,0,0,1:-1.0
0,-1,1,0,1,1,-1,0,0:0.3333333333333333
0,1,-1,1,-1,0,1,-1,1:0.09999999999999999
0,0,-1,1,-1,0,1,0,1:0.8421052631578946
1,-1,0,0,1,-1,-1,1,1:1.0
1,-1,-1,-1,1,0,0,1,1:1.0
0,1,0,0,-1,-1,1,0,1:-1.0
1,0,0,1,-1,1,-1,0,0:-1.0
0,1,-1,1,-1,-1,1,1,0:-1.0
1,1,-1,0,0,0,-1,0,1:-1.0
0,1,1,0,0,1,-1,0,-1:-1.0
-1,1,1,1,0,1,-1,0,-1:-1.0
0,-1,0,0,0,1,1,0,0:-0.3333333333333333
1,1,0,1,-1,-1,0,0,0:0.6
0,0,0,0,0,0,1,-1,1:0.0
-1,1,0,0,0,0,1,-1,1:0.0
-1,1,-1,1,0,0,1,-1,1:0.0
0,1,1,0,-1,0,0,0,0:0.008333333333333342
1,1,-1,0,0,1,-1,0,0:-1.0
0,1,-1,1,0,-1,1,0,0:1.0
-1,0,0,-1,1,0,1,0,1:0.5873015873015872
1,0,1,-1,1,-1,1,0,-1:1.0
-1,1,0,1,1,-1,0,-1,1:0.0
-1,0,0,0,0,1,0,0,1:0.16666666666666669
-1,0,-1,0,1,1,-1,1,1:-1.0
0,-1,0,-1,1,1,1,0,0:0.25
0,0,0,1,-1,1,0,-1,1:-0.42857142857142855
-1,1,0,1,-1,1,0,-1,1:0.0
0,1,0,-1,1,0,0,-1,1:0.5
0,0,1,-1,1,0,1,-1,0:1.0
-1,0,0,-1,1,0,0,1,1:-0.7142857142857143
1,1,1,-1,-1,0,-1,0,1:1.0
1,1,0,-1,-1,0,1,-1,1:-0.5
1,-1,0,1,1,-1,-1,0,1:1.0
1,1,1,0,-1,0,-1,-1,1:1.0
0,0,-1,1,1,0,0,1,-1:-0.8928571428571427
1,0,-1,1,1,-1,0,-1,1:1.0
-1,-1,1,1,1,1,-1,-1,1:1.0
1,-1,0,1,-1,1,-1,0,1:-1.0
1,1,1,-1,0,0,-1,-1,1:1.0
-1,-1,0,1,0,1,1,0,0:-1.0
0,0,0,0,-1,1,1,-1,1:-0.7884615384615384
1,-1,0,1,-1,-1,1,0,1:1.0
-1,1,1,0,0,1,-1,0,0:-1.0
-1,1,1,0,0,1,-1,1,-1:-1.0
-1,0,0,0,1,1,0,-1,1:0.8285714285714287
1,1,1,1,0,-1,-1,-1,0:1.0
1,-1,-1,-1,1,0,1,0,1:1.0
-1,-1,0,1,1,0,1,1,-1:-0.6842105263157894
0,-1,0,1,1,-1,1,1,-1:-0.9405940594059407
-1,-1,1,1,1,-1,0,1,0:0.051282051282051294
-1,0,-1,-1,1,1,1,1,0:-0.8
-1,-1,0,0,0,0,1,1,1:1.0
0,0,1,0,-1,1,-1,0,1:1.0
1,0,1,-1,0,0,-1,1,0:1.0
0,1,1,-1,0,0,0,0,0:-0.6
0,1,-1,1,0,1,0,0,-1:-1.0
0,1,-1,1,-1,1,1,0,-1:-1.0
0,-1,1,-1,0,1,0,1,0:0.5833333333333334
-1,-1,1,-1,0,1,1,1,0:1.0
0,1,-1,-1,1,0,0,1,0:1.0
-1,-1,0,-1,1,1,0,1,1:-1.0
0,1,-1,0,-1,-1,1,1,1:1.0
1,0,1,0,0,1,-1,0,-1:0.0
1,-1,1,1,0,1,-1,0,-1:-0.5
1,-1,0,-1,-1,0,1,1,1:1.0
0,0,1,0,-1,0,1,-1,1:-0.6981132075471697
-1,0,1,0,-1,1,1,-1,1:1.0
0,-1,1,0,0,0,0,0,1:0.9310344827586207
0,1,1,0,0,1,0,-1,-1:-1.0
-1,1,1,1,0,1,0,-1,-1:-1.0
0,-1,1,0,-1,0,1,0,1:-0.14285714285714288
0,-1,-1,1,1,0,1,0,0:-0.3333333333333333
1,0,1,0,-1,-1,1,-1,1:-1.0
1,1,-1,1,0,-1,1,-1,0:1.0
-1,0,-1,1,1,0,0,0,1:-1.0
-1,1,1,0,0,-1,1,-1,1:0.6666666666666667
1,1,-1,1,0,0,-1,-1,1:-1.0
1,1,-1,0,1,1,-1,-1,0:-1.0
1,0,-1,1,-1,0,1,-1,1:1.0
-1,0,-1,-1,1,1,1,0,1:-0.7777777777777777
-1,1,1,0,1,-1,-1,1,0:1.0
0,0,1,1,0,1,-1,0,-1:-0.2
0,0,1,0,1,0,-1,-1,1:0.631578947368421
1,0,1,0,1,-1,-1,-1,1:1.0
-1,1,1,0,0,0,1,-1,0:1.0
0,1,-1,0,-1,1,0,1,0:-0.5
-1,0,1,1,1,0,-1,-1,1:0.07692307692307691
-1,1,1,-1,0,1,0,0,0:-0.6
0,-1,1,0,1,-1,0,0,1:0.8970588235294118
-1,1,1,1,0,-1,0,-1,1:0.0
1,-1,1,0,0,0,0,-1,1:-0.6
1,-1,1,0,1,-1,0,-1,1:1.0
0,0,1,1,0,1,0,-1,-1:-0.33333333333333337
0,0,1,0,0,-1,-1,1,1:-1.0
1,0,1,-1,0,-1,-1,1,1:-1.0
1,-1,0,1,-1,0,0,1,0:0.0
1,1,1,-1,0,0,-1,0,0:1.0
0,0,1,0,1,-1,-1,0,1:0.16666666666666669
0,1,1,-1,0,-1,-1,1,1:-1.0
1,-1,1,0,0,1,-1,1,-1:0.0
1,-1,1,0,1,-1,-1,0,1:1.0
0,0,1,0,0,0,0,1,-1:0.3555555555555557
1,0,1,0,1,0,-1,-1,0:-1.0
0,1,-1,1,0,0,1,0,-1:-1.0
0,1,-1,1,-1,0,1,1,-1:-1.0
1,0,1,1,0,0,-1,-1,0:-1.0
1,-1,1,1,0,1,-1,-1,0:-1.0
1,-1,1,0,-1,-1,1,1,0:-1.0
1,1,0,0,-1,-1,1,-1,1:-0.7666666666666666
0,1,1,1,-1,-1,0,0,0:0.0
1,1,1,-1,-1,0,1,0,-1:1.0
0,0,1,0,-1,0,0,0,1:0.028070175438596457
0,1,1,-1,-1,0,0,0,1:-0.4545454545454545
1,1,0,-1,-1,1,0,1,-1:0.2
1,0,1,-1,0,0,0,-1,1:1.0
1,-1,1,-1,1,0,0,-1,1:1.0
0,1,1,1,-1,1,0,-1,-1:-1.0
0,1,1,0,0,-1,1,0,-1:1.0
0,1,1,-1,-1,0,0,1,0:-1.0
1,-1,1,0,-1,-1,1,0,1:-1.0
0,-1,1,1,-1,1,0,1,-1:-0.8333333333333333
1,-1,1,-1,1,-1,0,0,1:1.0
-1,0,1,1,0,0,1,0,-1:-0.6666666666666666
1,0,1,1,-1,1,-1,-1,0:-1.0
0,-1,1,1,-1,-1,1,1,0:1.0
-1,0,1,0,-1,1,0,0,1:1.0
-1,0,1,0,-1,0,1,0,1:0.5384615384615384
0,-1,1,-1,-1,0,1,1,1:1.0
0,1,1,0,0,-1,0,-1,1:0.6666666666666667
-1,1,1,0,0,0,0,1,-1:-0.5
1,0,-1,1,0,1,-1,0,0:-0.7073170731707316
1,1,1,-1,-1,0,1,-1,0:1.0
-1,0,1,-1,-1,1,0,1,1:1.0
-1,1,1,-1,0,0,1,-1,1:1.0
0,1,0,-1,-1,1,1,-1,1:0.1153846153846154
1,0,1,1,-1,0,0,-1,0:-0.3333333333333333
0,1,1,1,-1,0,0,-1,0:0.13793103448275865
0,1,1,1,-1,1,-1,-1,0:-1.0
1,-1,1,0,-1,1,1,0,-1:-0.8
0,1,1,0,-1,1,0,0,-1:-1.0
0,0,1,0,-1,1,1,0,-1:-1.0
0,-1,1,0,1,0,0,-1,1:1.0
0,0,1,0,-1,1,0,1,-1:-0.9285714285714285
1,-1,0,0,0,0,1,-1,1:-1.0
0,0,1,-1,-1,1,1,-1,1:1.0
0,1,0,1,1,-1,-1,-1,1:0.05263157894736843
1,0,0,-1,1,-1,1,1,-1:0.0
1,0,0,1,0,1,0,-1,-1:-1.0
1,1,0,1,-1,1,0,-1,-1:-1.0
0,1,0,0,0,0,0,-1,1:0.5
0,0,0,-1,-1,0,1,1,1:1.0
-1,1,1,1,-1,-1,0,1,0:-1.0
0,0,-1,1,0,1,0,0,0:0.0
0,0,1,-1,1,-1,0,0,1:1.0
0,1,-1,1,0,0,0,1,-1:-0.42857142857142855
1,-1,-1,0,0,0,0,1,1:1.0
0,-1,0,0,1,0,-1,1,1:-0.6504424778761062
-1,-1,0,0,1,1,-1,1,1:-1.0
0,0,1,0,1,1,-1,-1,0:-1.0
0,1,0,0,-1,1,1,-1,0:0.0
-1,1,1,0,-1,1,1,-1,0:-1.0
-1,1,0,1,-1,1,1,-1,0:-1.0
-1,1,0,1,0,1,-1,0,0:0.2
1,0,1,-1,0,1,0,0,-1:1.0
1,0,-1,-1,0,-1,1,1,1:1.0
0,1,-1,-1,-1,1,1,1,0:0.0
0,0,1,0,1,-1,0,-1,1:1.0
-1,0,1,0,1,-1,1,-1,1:1.0
1,0,-1,0,0,1,-1,1,0:-0.8181818181818181
1,-1,-1,1,0,1,-1,1,0:0.0
0,-1,0,1,1,0,-1,1,0:0.18181818181818185
0,-1,0,0,0,1,0,1,0:-0.6
0,-1,-1,1,0,1,0,1,0:-1.0
1,1,0,1,0,0,-1,0,-1:-1.0
1,1,-1,1,0,0,-1,1,-1:-1.0
-1,0,0,1,-1,1,-1,1,1:-0.7272727272727273
0,0,1,0,-1,1,1,-1,0:-0.7600000000000001
-1,1,-1,1,0,0,1,0,0:-0.5
0,0,0,1,-1,0,1,-1,1:-0.826923076923077
-1,1,0,0,-1,1,1,-1,1:0.12500000000000003
-1,1,1,0,-1,1,0,-1,1:1.0
-1,0,1,0,1,0,0,-1,1:0.0
0,-1,0,0,1,1,1,-1,0:1.0
0,0,1,0,-1,1,0,-1,1:1.0
0,1,1,-1,1,0,-1,1,-1:1.0
0,0,0,1,1,0,1,-1,-1:1.0
0,-1,0,1,1,1,1,-1,-1:1.0
1,1,-1,-1,0,0,1,1,-1:-0.125
0,0,1,1,-1,0,-1,1,0:0.1764705882352941
-1,-1,0,1,0,0,1,0,1:-1.0
0,0,1,-1,-1,1,0,0,1:1.0
-1,1,0,0,1,0,1,0,-1:0.8181818181818182
-1,0,-1,1,1,-1,0,1,1:-0.7777777777777778
0,1,-1,-1,0,1,0,1,0:0.0
-1,1,0,1,0,-1,0,1,0:0.16666666666666669
0,0,-1,1,-1,1,0,0,1:-0.9807692307692306
1,0,1,1,-1,0,-1,1,-1:0.08695652173913045
1,1,-1,0,1,0,-1,-1,1:1.0
-1,0,0,1,0,1,-1,0,1:0.0
-1,-1,1,1,0,1,-1,0,1:1.0
0,0,1,-1,1,-1,1,0,0:1.0
0,0,1,1,-1,0,-1,0,1:0.13333333333333333
0,1,1,1,-1,0,-1,-1,1:1.0
1,0,-1,0,-1,1,1,-1,1:-0.880952380952381
-1,-1,0,1,1,1,0,1,-1:1.0
-1,0,-1,0,1,0,1,0,1:-0.42857142857142855
0,1,-1,0,-1,1,1,-1,1:0.0
0,-1,0,-1,1,1,-1,1,1:-0.9047619047619048
1,0,-1,1,1,0,-1,1,-1:-0.6666666666666667
-1,0,0,0,-1,1,1,0,1:0.7894736842105262
-1,1,0,1,-1,-1,1,1,0:-1.0
0,1,1,1,0,-1,-1,-1,1:0.0
0,0,0,0,0,1,0,1,-1:0.0769230769230769
1,0,0,1,-1,0,0,-1,1:-0.5
0,1,-1,1,-1,1,0,1,-1:-1.0
1,1,-1,0,-1,0,1,1,-1:-0.7391304347826088
1,1,1,0,-1,0,1,-1,-1:1.0
1,0,1,1,-1,-1,-1,0,1:0.15384615384615385
0,0,0,0,1,-1,-1,1,1:0.863013698630137
-1,-1,1,0,1,-1,0,1,1:0.0
-1,-1,1,-1,1,0,0,1,1:-1.0
1,0,1,-1,1,0,0,0,-1:0.8472418670438479
1,1,-1,-1,0,1,-1,1,0:-1.0
0,-1,-1,1,1,1,1,-1,0:1.0
0,-1,1,-1,1,0,0,1,0:0.2857142857142857
1,-1,0,-1,1,0,1,1,-1:0.11250000000000002
0,0,-1,0,1,-1,1,0,1:0.5636363636363638
0,0,0,1,-1,-1,1,0,1:0.4
0,-1,1,0,1,-1,0,1,0:0.15277777777777787
0,0,-1,1,-1,1,1,-1,1:-0.7464788732394365
-1,0,1,1,-1,-1,0,1,1:0.11111111111111113
1,0,0,1,1,-1,-1,0,0:-0.5
1,0,0,1,1,-1,-1,-1,1:1.0
1,1,1,-1,0,1,-1,0,-1:1.0
1,0,-1,0,1,-1,-1,1,1:1.0
0,0,1,1,-1,1,-1,-1,1:1.0
-1,1,0,1,0,1,0,-1,0:-1.0
0,1,1,-1,1,-1,0,-1,1:1.0
1,1,1,-1,1,-1,-1,-1,1:1.0
0,1,-1,1,1,0,-1,1,-1:1.0
-1,1,-1,0,1,1,-1,0,1:-1.0
1,0,0,0,0,0,1,0,-1:0.6546762589928062
-1,-1,0,0,1,1,0,0,1:-1.0
-1,0,-1,0,0,1,0,1,1:-1.0
1,0,-1,-1,-1,1,0,1,1:-0.49999999999999994
-1,-1,1,1,0,1,0,0,0:-1.0
-1,0,-1,1,0,1,0,0,1:-1.0
0,0,-1,0,1,1,-1,1,0:1.0
-1,1,-1,0,1,1,-1,1,0:1.0
0,-1,1,0,1,-1,1,0,0:1.0
1,0,1,1,-1,-1,0,-1,1:-0.9
1,0,0,-1,1,-1,-1,1,1:1.0
1,0,-1,0,1,1,-1,1,-1:1.0
0,0,0,-1,1,-1,1,0,1:1.0
0,-1,1,-1,1,1,-1,1,0:-0.923076923076923
1,-1,1,-1,1,0,-1,1,0:0.07317073170731708
0,0,1,0,0,-1,0,1,0:0.0
-1,1,1,0,-1,-1,1,1,0:-1.0
0,1,0,-1,0,1,0,0,0:-0.25
-1,1,1,-1,0,1,0,1,-1:-1.0
0,-1,0,1,-1,1,0,1,0:-0.6428571428571428
0,-1,0,1,0,0,0,1,0:0.0
1,-1,-1,1,0,0,-1,1,1:-1.0
0,0,0,-1,0,0,0,1,1:0.6666666666666666
-1,1,0,1,1,0,-1,1,-1:1.0
-1,1,1,0,1,-1,1,-1,0:1.0
1,0,-1,-1,1,1,-1,1,0:1.0
0,1,0,0,-1,1,0,-1,1:-0.25
1,0,-1,0,0,0,1,-1,1:0.7777777777777777
1,1,-1,0,-1,1,0,-1,1:-1.0
-1,0,1,1,1,-1,0,1,-1:1.0
0,-1,1,1,-1,1,1,0,-1:-1.0
1,-1,0,0,-1,1,-1,1,1:-1.0
-1,0,1,1,-1,-1,1,1,0:-1.0
0,-1,-1,1,1,1,-1,1,0:1.0
0,1,0,1,-1,0,0,-1,1:0.0
0,-1,-1,-1,1,1,1,1,0:-1.0
0,1,1,1,-1,-1,-1,0,1:0.15909090909090914
-1,0,1,0,0,-1,1,1,0:0.3333333333333333
0,0,-1,-1,1,1,1,0,0:-0.12500000000000003
0,1,-1,1,-1,1,0,0,0:-1.0
0,1,1,-1,-1,1,0,0,0:0.5
1,0,-1,0,1,-1,1,-1,1:1.0
0,0,1,-1,1,0,-1,1,0:-0.6
1,0,1,-1,1,-1,-1,1,0:1.0
-1,0,-1,1,-1,1,1,0,1:-0.9090909090909091
1,-1,1,-1,0,0,1,1,-1:0.15384615384615383
-1,0,1,1,0,-1,0,1,0:-1.0
-1,0,1,1,-1,-1,1,0,1:0.1
-1,1,1,-1,0,-1,1,1,0:-1.0
0,1,0,1,-1,0,-1,1,0:-1.0
-1,0,1,0,1,-1,0,1,0:0.5
-1,0,0,1,1,0,1,0,-1:0.2
0,0,-1,-1,1,1,0,0,1:-0.846153846153846
-1,0,0,1,1,-1,0,1,0:0.06122448979591837
0,0,-1,1,-1,1,1,0,0:-0.5
0,-1,1,0,1,0,1,0,-1:1.0
-1,0,0,0,1,0,1,-1,1:0.2
-1,-1,1,0,1,0,1,-1,1:1.0
-1,0,1,1,1,-1,1,-1,0:1.0
1,1,-1,0,-1,-1,1,0,1:-1.0
0,1,1,0,-1,1,0,-1,0:0.6666666666666666
0,1,1,-1,-1,1,0,-1,1:1.0
-1,0,1,0,1,-1,1,0,0:1.0
-1,-1,0,1,1,-1,1,1,0:-1.0
0,1,1,-1,1,-1,0,1,-1:1.0
0,1,-1,0,-1,1,1,0,0:0.03448275862068965
0,0,-1,1,-1,1,0,1,0:-1.0
1,0,1,-1,0,1,-1,0,0:0.6666666666666666
-1,0,-1,-1,1,1,0,1,1:-1.0
-1,0,1,0,1,-1,0,0,1:0.0
-1,-1,0,1,1,-1,0,1,1:-1.0
0,1,-1,0,-1,0,1,0,1:0.28571428571428575
1,0,0,0,0,0,1,-1,0:0.40000000000000013
1,1,1,-1,0,-1,1,-1,0:1.0
-1,1,0,1,-1,0,1,-1,1:0.0
1,1,-1,-1,0,1,1,0,-1:0.0
1,0,-1,0,0,1,-1,0,1:-1.0
-1,0,1,-1,-1,1,1,0,1:1.0
1,0,-1,0,1,1,1,-1,-1:0.0
-1,1,0,-1,0,1,1,0,0:0.0
0,1,-1,-1,1,0,1,-1,1:0.12500000000000003
0,0,0,1,1,-1,0,-1,1:0.4
1,1,1,-1,-1,1,-1,0,0:1.0
0,0,-1,1,0,0,0,1,0:1.3877787807814457e-17
0,1,1,0,-1,-1,0,0,1:-0.6595744680851063
1,-1,0,1,0,-1,1,0,0:1.0
0,-1,0,0,0,0,1,1,0:0.5555555555555552
0,1,0,-1,1,-1,1,1,-1:1.0
0,1,-1,-1,1,1,0,0,0:0.18181818181818185
0,0,1,-1,-1,0,0,1,1:0.0
0,0,1,-1,-1,1,-1,1,1:1.0
0,0,-1,0,-1,0,1,1,1:1.0
1,-1,0,0,0,-1,0,1,1:1.0
1,0,1,0,-1,0,0,1,-1:0.23529411764705882
1,1,1,0,-1,-1,0,1,-1:1.0
-1,-1,0,-1,1,0,1,1,1:1.0
0,-1,-1,0,0,1,1,1,0:-1.0
0,0,1,1,-1,-1,0,0,1:-0.004021447721179637
-1,0,0,1,1,0,-1,1,0:1.0
0,-1,1,-1,1,-1,1,0,1:1.0
-1,0,0,1,1,-1,0,0,1:0.05128205128205129
1,0,-1,1,0,0,1,0,-1:1.0
0,0,1,0,0,-1,1,1,-1:0.0
1,0,1,-1,0,-1,1,1,-1:-0.3333333333333333
0,0,1,0,-1,-1,0,1,1:-0.7916666666666665
1,0,-1,1,0,-1,0,0,1:0.2
0,1,0,1,0,-1,1,-1,0:0.5
0,1,0,0,0,-1,0,1,0:0.6599999999999998
1,1,0,0,0,-1,-1,1,0:1.0
0,0,1,1,-1,-1,1,-1,1:-0.9285714285714284
0,0,1,0,0,1,-1,1,-1:0.6666666666666666
-1,0,1,1,0,1,-1,1,-1:1.0
1,0,-1,1,0,1,0,-1,0:0.5
0,0,1,0,-1,-1,1,0,1:-0.8181818181818183
-1,0,0,1,0,0,1,0,0:-1.0
-1,0,0,1,1,1,-1,0,0:1.0
1,0,-1,0,-1,0,1,1,0:0.9374999999999999
1,0,-1,1,0,0,-1,0,1:-0.8333333333333333
0,1,1,-1,1,0,-1,0,0:-0.3333333333333333
0,-1,1,1,0,0,0,1,-1:0.0
0,-1,1,1,0,-1,1,1,-1:1.0
1,0,-1,1,0,1,-1,-1,1:0.0
1,-1,-1,1,1,1,-1,-1,1:1.0
1,-1,-1,1,0,0,0,0,1:0.2
1,0,-1,1,0,0,0,1,-1:-0.4285714285714286
0,0,0,-1,0,0,1,0,1:0.6346153846153845
1,0,-1,1,1,0,-1,-1,1:1.0
1,0,1,0,-1,-1,1,0,0:-1.0
1,0,0,-1,0,1,1,0,-1:0.10000000000000002
0,0,1,1,0,-1,1,0,-1:-1.0
-1,1,1,1,0,-1,1,0,-1:-1.0
1,-1,1,-1,0,-1,1,1,0:-1.0
1,0,-1,1,0,0,-1,1,0:-0.923076923076923
1,-1,-1,1,-1,0,0,1,1:-1.0
1,0,-1,1,-1,1,0,1,-1:-0.909090909090909
1,0,1,-1,0,1,1,-1,-1:1.0
1,-1,1,-1,0,0,0,1,0:0.0
1,1,0,1,0,-1,0,0,-1:-1.0
1,0,-1,1,-1,1,0,-1,1:-1.0
1,1,0,0,0,0,1,-1,-1:1.0
1,1,-1,1,0,0,1,-1,-1:1.0
1,0,1,1,0,-1,0,0,-1:0.45454545454545453
1,0,0,1,-1,-1,1,0,0:1.0
1,1,-1,-1,0,1,0,1,-1:0.0
1,1,1,-1,0,0,1,-1,-1:1.0
0,1,1,0,-1,1,-1,1,-1:-1.0
1,1,0,-1,-1,1,1,0,-1:0.09523809523809523
1,0,1,-1,0,0,1,0,-1:0.8813559322033897
1,-1,0,0,0,0,1,1,-1:0.1818181818181818
1,1,-1,-1,0,0,0,0,1:-1.0
1,1,0,-1,0,0,1,0,-1:0.0
1,1,0,-1,0,0,1,-1,0:0.5
1,0,-1,1,0,-1,0,1,0:-1.0
1,0,-1,1,0,-1,-1,1,1:-1.0
1,0,-1,-1,1,0,1,-1,1:1.0
-1,0,1,1,0,1,1,-1,-1:1.0
-1,-1,1,1,1,1,1,-1,-1:1.0
1,0,0,-1,0,-1,1,1,0:-0.2
1,1,0,0,-1,-1,0,1,0:-0.6923076923076924
1,-1,1,0,0,0,1,-1,0:-1.0
1,-1,0,0,-1,0,1,0,1:-0.5
1,-1,-1,1,0,0,1,0,0:1.0
1,0,-1,1,-1,1,1,0,-1:1.0
0,1,1,1,0,0,-1,0,-1:-1.0
-1,1,1,1,0,0,-1,1,-1:-1.0
1,0,-1,1,-1,1,1,-1,0:1.0
0,-1,0,0,-1,0,1,1,1:1.0
1,1,-1,0,0,0,-1,1,0:-0.3333333333333333
1,1,0,-1,0,-1,0,1,0:1.0
1,-1,0,0,1,-1,1,-1,1:1.0
-1,0,0,1,-1,-1,1,1,1:1.0
1,-1,1,1,0,-1,0,1,-1:0.0
1,1,-1,0,0,0,0,1,-1:-0.5
1,0,0,0,0,1,0,-1,0:0.5
1,0,-1,1,0,0,0,-1,1:1.0
1,0,-1,1,-1,0,1,1,-1:1.0
0,1,0,0,-1,-1,1,1,0:-0.14285714285714282
-1,1,0,0,-1,-1,1,1,1:1.0
1,0,-1,1,0,1,-1,1,-1:-1.0
1,0,-1,0,0,0,-1,1,1:-1.0
1,0,1,0,-1,-1,0,1,0:-0.8
1,0,1,0,-1,0,-1,1,0:0.15789473684210525
1,0,1,1,-1,-1,-1,1,0:0.1666666666666667
0,0,1,0,0,1,0,0,-1:-1.0
0,-1,-1,1,1,0,0,0,1:0.0
1,-1,1,0,-1,-1,0,1,1:-1.0
1,-1,0,0,0,0,-1,1,1:0.3636363636363636
1,1,0,0,-1,0,1,-1,0:0.9090909090909091
1,1,0,-1,-1,0,0,1,0:-1.0
0,0,0,1,0,0,0,1,-1:0.0
0,1,1,0,-1,-1,1,0,0:0.0
0,1,1,1,-1,-1,1,-1,0:0.5
1,1,1,1,-1,-1,1,-1,-1:1.0
0,1,0,-1,-1,1,1,0,0:0.1333333333333334
-1,1,0,-1,-1,1,1,1,0:-1.0
1,1,0,0,-1,0,1,0,-1:0.8
1,-1,1,1,0,-1,1,0,-1:1.0
1,-1,0,0,0,1,0,-1,1:0.0
1,0,1,0,-1,-1,1,1,-1:-0.7777777777777778
1,0,0,0,-1,-1,1,1,0:-0.6
1,-1,0,1,-1,-1,1,1,0:1.0
1,-1,0,1,-1,-1,0,1,1:0.0
1,0,1,1,-1,1,-1,0,-1:-1.0
0,-1,-1,0,0,0,1,1,1:1.0
1,1,1,0,-1,-1,1,0,-1:1.0
1,0,1,-1,-1,0,1,1,-1:-0.9074074074074071
0,1,-1,1,0,0,-1,1,0:-0.3333333333333333
1,1,0,-1,-1,1,0,0,0:0.2
1,1,1,0,-1,1,-1,-1,0:1.0
0,0,0,1,-1,1,1,0,-1:-1.0
0,0,-1,1,-1,1,1,1,-1:-1.0
1,0,0,0,-1,-1,0,1,1:-1.0
1,0,0,1,-1,-1,0,1,0:0.039999999999999994
1,1,0,1,-1,-1,-1,1,0:-1.0
1,0,0,0,0,0,-1,1,0:0.16666666666666669
1,1,0,1,-1,-1,0,1,-1:-1.0
1,1,0,1,-1,0,0,-1,0:0.7777777777777778
1,0,0,0,-1,1,0,-1,1:-1.0
-1,1,0,-1,-1,1,1,0,1:1.0
0,1,1,0,-1,-1,1,-1,1:-0.8571428571428572
0,-1,-1,1,-1,0,1,1,1:1.0
0,1,-1,1,-1,0,1,0,0:0.11111111111111116
1,0,0,1,0,-1,-1,0,1:1.0
1,0,0,1,-1,0,0,1,-1:0.03703703703703704
1,0,1,1,-1,-1,0,1,-1:1.0
1,1,1,1,-1,-1,-1,1,-1:1.0
0,1,1,0,0,-1,0,1,-1:1.0
-1,0,1,1,0,-1,1,-1,1:0.0
-1,0,1,0,1,1,-1,-1,1:1.0
-1,1,-1,1,0,1,1,0,-1:-1.0
1,1,0,1,-1,-1,-1,0,1:-0.2
1,-1,0,1,-1,0,1,1,-1:1.0
-1,0,-1,0,1,1,1,1,-1:-1.0
0,1,0,-1,-1,1,0,0,1:0.19444444444444445
0,-1,1,-1,0,0,1,1,0:0.8
0,-1,1,-1,1,-1,1,1,0:1.0
1,1,0,-1,-1,1,1,-1,0:0.07692307692307693
-1,0,-1,0,0,0,1,1,1:1.0
1,0,0,1,-1,1,0,0,-1:-0.4545454545454546
1,0,0,1,-1,1,1,-1,-1:1.0
-1,0,1,0,1,-1,1,1,-1:1.0
0,1,0,1,-1,-1,0,1,0:0.0
0,1,0,-1,-1,0,1,1,0:-0.6111111111111112
1,1,0,-1,-1,0,1,1,-1:-0.7164179104477614
0,1,1,0,1,-1,-1,0,0:0.9545454545454546
1,1,0,-1,0,-1,1,0,0:-0.3333333333333333
0,1,-1,0,-1,1,1,1,-1:-0.8333333333333334
0,0,1,1,0,1,-1,-1,0:0.6
1,0,-1,-1,0,1,1,1,-1:0.0
0,1,1,-1,1,-1,0,0,0:0.6
0,0,1,-1,0,0,0,1,0:-1.0
1,1,0,1,0,-1,0,-1,0:1.0
0,0,0,1,-1,1,0,1,-1:-1.0
0,-1,1,1,0,1,-1,1,-1:0.0
1,0,0,-1,-1,1,1,1,-1:0.0
0,1,-1,-1,-1,1,1,0,1:0.10810810810810813
1,-1,0,0,0,-1,1,1,0:1.0
1,-1,1,0,0,-1,1,1,-1:1.0
-1,-1,0,1,1,1,-1,0,1:1.0
1,0,1,-1,-1,1,1,0,-1:0.12500000000000003
-1,0,-1,1,0,-1,1,1,1:1.0
0,-1,1,1,0,0,1,-1,0:0.0
-1,-1,1,1,0,0,1,-1,1:-0.3333333333333333
1,0,0,1,0,0,-1,-1,1:-1.0
0,1,0,0,-1,1,-1,0,1:-1.0
-1,0,0,0,0,-1,1,1,1:1.0
0,1,0,0,-1,0,1,1,-1:-1.0
0,0,0,1,0,1,-1,0,0:0.619047619047619
0,0,-1,1,1,1,-1,0,0:1.0
1,1,1,1,0,-1,-1,0,-1:1.0
0,0,1,1,0,0,0,-1,0:0.2
0,1,0,1,-1,-1,1,-1,1:0.10311284046692605
-1,1,0,1,0,0,1,0,-1:-1.0
-1,1,-1,1,0,0,1,1,-1:-1.0
-1,1,0,1,-1,1,-1,1,0:-1.0
1,0,0,1,-1,-1,1,-1,1:1.0
0,0,1,1,-1,-1,0,1,0:0.07317073170731711
1,1,0,1,-1,0,-1,1,-1:-1.0
0,-1,1,0,0,0,0,1,0:0.5714285714285714
0,0,1,0,-1,-1,1,1,0:-1.0
1,1,1,1,0,-1,0,-1,-1:1.0
0,1,-1,-1,1,0,1,1,-1:1.0
1,0,1,-1,1,-1,-1,0,1:1.0
-1,0,1,-1,1,-1,1,1,0:1.0
0,1,-1,0,0,1,-1,0,1:-0.3333333333333333
-1,0,0,1,1,1,-1,-1,1:1.0
0,0,1,1,-1,1,1,-1,-1:-1.0
-1,0,1,1,-1,1,0,-1,1:1.0
1,-1,0,1,1,-1,1,0,-1:1.0
-1,1,-1,-1,0,0,1,1,1:1.0
0,-1,0,0,-1,1,0,1,1:0.75
0,-1,1,0,-1,1,-1,1,1:1.0
-1,0,0,1,1,-1,-1,1,1:0.0
0,1,1,-1,-1,1,1,-1,0:1.0
1,1,0,0,-1,-1,0,0,1:-0.3333333333333333
0,1,-1,0,1,0,-1,0,1:1.0
1,0,1,-1,-1,1,0,-1,1:1.0
1,-1,-1,0,0,-1,1,1,1:1.0
-1,0,-1,1,1,0,1,1,-1:-1.0
1,1,1,0,-1,-1,0,-1,1:1.0
0,0,0,1,1,-1,-1,0,1:0.17073170731707318
1,0,0,1,-1,-1,0,0,1:0.5199999999999999
1,-1,1,-1,0,1,-1,1,0:0.5
1,0,0,0,-1,-1,1,0,1:-1.0
1,0,1,1,0,-1,-1,-1,1:1.0
1,-1,1,-1,0,0,1,-1,1:-1.0
0,1,1,1,0,-1,0,0,-1:1.0
0,1,0,1,-1,1,-1,0,0:-1.0
-1,1,0,1,-1,1,-1,0,1:-1.0
0,1,-1,-1,1,-1,1,1,0:1.0
1,-1,0,-1,1,0,1,-1,1:1.0
0,1,0,-1,1,-1,0,1,0:1.0
0,0,-1,1,-1,0,1,1,0:0.6666666666666666
1,1,0,0,-1,-1,1,1,-1:-1.0
0,1,-1,1,0,0,-1,0,1:-1.0
1,0,0,1,-1,-1,1,1,-1:1.0
0,1,-1,1,-1,1,0,-1,1:-0.6666666666666666
0,1,1,0,-1,1,1,-1,-1:-1.0
1,0,0,-1,0,1,-1,0,1:1.0
0,0,0,0,1,-1,1,-1,1:0.875
0,0,-1,-1,0,1,1,0,1:0.6666666666666667
-1,0,-1,-1,0,1,1,1,1:1.0
0,0,0,-1,0,1,0,1,0:0.0
-1,-1,0,0,1,1,1,-1,1:-1.0
0,0,0,1,-1,1,-1,1,0:-1.0
0,0,1,0,0,-1,1,-1,1:-1.0
0,1,0,1,0,0,-1,-1,1:0.16666666666666669
0,0,0,-1,1,0,1,-1,1:0.7894736842105262
-1,1,0,-1,0,1,0,1,0:-1.0
-1,0,-1,1,1,1,0,0,0:1.0
1,0,0,1,0,-1,1,-1,0:1.0
0,1,1,1,-1,-1,-1,1,0:0.0
1,0,0,-1,0,0,1,-1,1:-1.0
-1,0,0,-1,0,1,1,0,1:1.0
-1,-1,1,-1,0,1,1,0,1:1.0
1,0,0,-1,0,-1,0,1,1:-1.0
0,1,-1,-1,1,-1,1,0,1:1.0
1,0,1,-1,0,-1,1,0,0:-1.0
0,-1,0,1,1,-1,-1,1,1:0.08411214953271032
0,-1,0,-1,1,1,1,-1,1:1.0
0,0,0,1,0,-1,1,0,0:0.6567164179104478
0,-1,0,1,1,1,0,-1,0:1.0
0,1,1,1,-1,0,-1,1,-1:-1.0
0,1,0,-1,0,0,1,-1,1:0.3333333333333333
0,1,0,1,-1,1,-1,1,-1:-1.0
-1,-1,1,-1,1,0,1,0,1:1.0
1,0,1,-1,-1,0,1,-1,1:-1.0
-1,0,0,0,0,0,1,0,1:0.0
1,0,0,0,-1,1,1,0,-1:0.16666666666666669
1,0,1,0,-1,1,1,-1,-1:-1.0
0,1,1,0,1,-1,-1,1,-1:1.0
-1,0,-1,1,1,0,1,-1,1:-1.0
-1,-1,0,1,1,1,0,0,0:1.0
1,-1,-1,-1,0,1,1,0,1:1.0
0,0,-1,-1,-1,1,1,1,1:1.0
1,-1,0,0,-1,0,1,1,0:0.8333333333333334
0,1,1,-1,-1,0,1,1,-1:-1.0
0,-1,0,1,0,0,0,0,1:-1.0
1,1,1,-1,-1,0,0,1,-1:1.0
0,1,0,1,-1,-1,0,0,1:0.25
0,0,0,1,-1,-1,0,1,1:0.0
1,-1,0,0,0,1,1,-1,0:-1.0
-1,-1,0,1,1,0,0,0,1:-1.0
0,-1,1,-1,-1,1,0,1,1:1.0
0,1,0,1,1,-1,-1,0,0:0.06666666666666667
0,1,0,1,1,-1,-1,1,-1:1.0
-1,0,1,1,1,-1,1,0,-1:1.0
0,-1,0,1,1,0,1,0,-1:1.0
0,0,0,0,0,1,1,0,-1:0.47058823529411775
0,0,0,-1,0,0,1,1,0:-0.33333333333333337
0,0,1,0,1,-1,1,-1,0:1.0
0,-1,1,0,-1,0,0,1,1:0.625
0,0,0,-1,-1,1,1,1,0:-0.14285714285714285
-1,0,-1,0,1,-1,1,1,1:1.0
0,0,1,-1,1,-1,0,1,0:-0.3333333333333333
-1,0,-1,-1,1,0,1,1,1:1.0
0,1,1,-1,-1,1,1,0,-1:-1.0
1,0,0,1,0,-1,1,0,-1:1.0
0,0,0,0,0,1,-1,1,0:-1.0
-1,1,0,0,0,1,-1,1,0:-1.0
1,0,-1,-1,0,1,1,-1,1:0.5
0,1,-1,0,0,0,1,1,-1:-0.6
0,0,-1,1,1,-1,1,-1,1:0.0
1,0,0,1,-1,-1,-1,1,1:-1.0
0,0,0,1,0,-1,0,1,0:0.0
1,-1,0,1,0,-1,0,1,0:0.0
0,-1,1,0,0,0,1,-1,1:-1.0
0,1,0,0,0,0,1,-1,0:0.6
1,1,-1,0,0,0,1,-1,0:0.6666666666666666
0,0,1,1,-1,0,1,-1,0:-0.2
-1,0,1,0,-1,-1,1,1,1:1.0
-1,0,0,-1,0,1,1,1,0:1.0
0,-1,0,0,0,1,-1,1,1:0.2
1,-1,-1,0,0,1,-1,1,1:-0.3333333333333333
-1,0,1,0,1,-1,-1,1,1:-0.75
0,0,1,-1,-1,1,1,1,-1:-1.0
1,-1,0,1,0,1,0,-1,0:-1.0
1,-1,0,0,-1,-1,1,1,1:1.0
-1,0,0,1,-1,1,0,0,1:-1.0
-1,1,0,0,1,-1,1,-1,1:0.0
1,0,1,1,-1,-1,1,-1,0:1.0
-1,0,1,1,-1,0,1,-1,1:-0.8421052631578946
-1,0,1,-1,1,0,1,-1,1:1.0
1,1,0,1,0,0,-1,-1,0:-1.0
1,1,-1,1,0,1,-1,-1,0:-1.0
0,0,1,0,0,-1,1,0,0:0.5000000000000001
0,1,1,1,-1,1,-1,0,-1:-1.0
0,-1,0,0,-1,1,1,1,0:-0.5
1,1,0,1,-1,1,-1,0,-1:-1.0
0,1,-1,0,1,-1,0,0,1:1.0
-1,1,1,0,-1,1,-1,0,1:1.0
0,1,1,-1,0,1,0,0,-1:-1.0
0,0,1,0,0,-1,0,0,1:0.3333333333333333
0,-1,0,0,0,1,1,1,-1:-1.0
-1,-1,1,0,0,1,1,1,-1:-1.0
0,0,-1,-1,1,0,1,0,1:0.9259259259259257
0,0,0,1,0,0,1,0,-1:-0.5
-1,0,0,1,0,1,1,0,-1:-1.0
-1,1,1,0,0,1,0,-1,0:-0.3333333333333333
0,0,-1,1,0,1,-1,1,0:-1.0
-1,1,-1,1,0,1,-1,1,0:-1.0
0,0,-1,1,0,0,1,1,-1:-1.0
-1,0,-1,1,0,1,1,1,-1:-1.0
1,1,1,-1,1,-1,1,-1,-1:1.0
0,0,0,1,0,-1,0,0,1:0.6666666666666666
0,0,-1,0,0,1,1,1,-1:-1.0
-1,1,-1,0,0,1,1,1,-1:-1.0
1,0,1,0,-1,1,-1,-1,1:1.0
1,1,-1,0,0,1,1,-1,-1:0.0
-1,1,1,0,0,1,1,-1,-1:-1.0
-1,0,-1,1,0,1,1,0,0:-0.5
1,-1,-1,-1,0,1,0,1,1:1.0
1,0,1,-1,0,-1,0,0,1:-1.0
-1,0,1,1,0,1,0,-1,0:1.0
0,0,1,1,-1,1,-1,1,-1:-1.0
-1,0,1,0,0,1,-1,1,0:-1.0
0,0,0,0,0,-1,1,1,0:-1.0
0,1,0,-1,0,-1,1,1,0:-1.0
1,0,0,1,-1,1,-1,1,-1:-1.0
1,-1,-1,0,-1,0,1,1,1:1.0
0,1,1,-1,-1,0,1,-1,1:-1.0
1,0,1,0,-1,-1,-1,1,1:-1.0
-1,0,1,1,0,-1,-1,1,1:0.0
-1,-1,1,1,0,1,1,0,-1:-1.0
0,-1,0,1,-1,1,1,1,-1:-1.0
-1,-1,1,0,1,1,-1,0,1:1.0
1,0,-1,-1,0,1,0,1,0:0.5
1,0,0,0,0,-1,1,-1,1:-1.0
1,1,0,-1,0,-1,1,-1,1:-1.0
0,1,0,-1,0,-1,1,0,1:-1.0
0,1,-1,0,0,1,1,0,-1:1.0
0,-1,1,0,-1,-1,1,1,1:1.0
1,0,-1,0,0,-1,0,1,1:0.7777777777777778
1,1,-1,0,0,-1,-1,1,1:0.0
1,1,-1,-1,1,-1,-1,1,1:1.0
1,0,1,1,0,0,-1,0,-1:-1.0
0,1,-1,0,0,-1,1,1,0:1.0
0,1,1,0,-1,0,0,-1,1:0.923076923076923
0,1,0,-1,-1,1,0,1,0:-1.0
0,1,0,-1,1,0,1,-1,0:0.6666666666666666
0,-1,1,0,0,0,1,1,-1:-1.0
0,0,0,0,0,-1,0,1,1:-1.0
0,0,1,-1,0,-1,0,1,1:-1.0
1,-1,1,-1,0,-1,0,1,1:-1.0
-1,1,0,0,0,-1,1,1,0:0.5
-1,0,0,1,0,0,1,-1,1:-1.0
0,0,-1,1,1,0,-1,1,0:1.0
-1,0,0,1,0,0,1,1,-1:-1.0
0,-1,0,-1,1,0,1,1,0:0.7916666666666665
-1,1,0,0,0,1,1,-1,0:0.0
1,0,1,1,0,0,0,-1,-1:1.0
1,-1,1,1,0,0,1,-1,-1:1.0
0,0,1,1,0,0,-1,1,-1:0.3
1,0,-1,-1,1,0,-1,1,1:1.0
-1,0,0,1,1,1,0,-1,0:1.0
-1,-1,0,0,1,1,1,0,0:-0.33333333333333337
-1,1,0,-1,0,1,0,0,1:0.5
0,-1,0,1,0,1,0,0,0:0.0
-1,0,-1,1,0,1,0,1,0:-1.0
0,0,0,1,0,1,0,-1,0:-1.0
0,1,0,-1,0,0,0,0,1:-0.5
0,0,-1,1,0,0,0,0,1:-0.3333333333333333
-1,0,-1,1,0,0,0,1,1:-1.0
-1,0,-1,0,0,1,1,1,0:-1.0
0,-1,-1,-1,1,0,1,1,1:1.0
0,1,0,0,0,1,0,0,-1:0.0
0,1,-1,1,0,-1,0,1,0:-1.0
0,0,1,1,-1,-1,-1,1,1:0.0
0,0,-1,1,0,-1,1,1,0:0.33333333333333337
0,0,0,1,0,1,0,0,-1:0.15384615384615385
1,-1,0,1,-1,1,1,0,-1:1.0
0,0,0,1,-1,-1,1,1,0:0.9393939393939394
0,0,0,-1,0,1,0,0,1:0.8181818181818181
0,1,-1,0,0,0,-1,1,1:-0.5
0,0,-1,1,0,0,-1,1,1:-1.0
0,1,0,0,-1,-1,0,1,1:-0.3333333333333333
0,0,-1,0,1,0,-1,1,1:0.7966101694915253
-1,0,1,0,0,-1,1,0,1:0.9333333333333332
-1,-1,0,1,1,1,0,-1,1:1.0
0,1,1,0,-1,-1,-1,1,1:-0.75
-1,0,0,0,0,1,1,-1,1:0.0
-1,1,-1,0,0,1,1,-1,1:0.0
0,0,1,0,0,0,0,-1,1:0.65
1,1,1,0,0,-1,-1,-1,1:1.0
0,-1,1,1,0,0,0,0,0:0.25
0,0,1,0,1,-1,-1,1,0:0.15384615384615385
-1,0,0,1,-1,1,1,-1,1:-0.9
0,0,-1,0,0,1,-1,1,1:-1.0
0,0,-1,-1,0,1,1,1,0:1.0
0,1,0,-1,-1,1,1,1,-1:-0.75
0,-1,0,0,1,-1,1,0,1:1.0
0,-1,1,-1,1,1,0,0,0:0.4
0,0,-1,1,1,1,1,-1,-1:1.0
-1,0,1,1,0,0,1,-1,0:-1.0
0,0,1,-1,1,1,-1,0,0:-1.0
1,-1,0,-1,0,1,-1,1,1:1.0
-1,-1,0,-1,0,1,1,1,1:1.0
1,1,0,0,-1,-1,-1,1,1:-1.0
0,1,0,0,1,-1,-1,0,1:1.0
0,1,0,0,0,-1,1,1,-1:1.0
-1,0,1,1,0,0,0,-1,1:0.5
0,-1,1,-1,0,0,1,0,1:1.0
1,-1,0,-1,0,1,1,1,-1:0.0
1,1,0,1,-1,1,-1,-1,0:-1.0
1,1,1,0,-1,1,-1,0,-1:1.0
0,-1,1,-1,1,0,0,0,1:0.7777777777777778
0,1,0,0,0,1,0,-1,0:-0.33333333333333337
1,1,1,0,-1,0,-1,1,-1:1.0
0,-1,1,-1,1,0,1,-1,1:1.0
0,-1,0,1,1,-1,0,1,0:0.3333333333333333
0,1,1,0,-1,-1,1,1,-1:-1.0
0,0,1,-1,0,1,1,0,-1:-0.33333333333333337
0,-1,-1,0,1,-1,1,1,1:1.0
0,1,1,0,-1,-1,0,1,0:-0.6666666666666666
1,-1,0,1,1,-1,0,-1,1:1.0
0,-1,1,-1,1,0,-1,1,1:-1.0
0,-1,0,0,1,1,-1,0,1:1.0
-1,0,1,1,0,1,0,0,-1:-1.0
0,1,1,0,-1,0,-1,1,0:-0.5
0,0,-1,1,1,-1,-1,1,1:1.0
0,1,0,-1,1,-1,-1,1,1:1.0
0,1,0,0,1,-1,-1,1,0:1.0
0,1,1,-1,0,0,1,0,-1:1.0
-1,1,-1,-1,0,1,1,0,1:0.0
1,0,1,-1,1,-1,0,-1,1:1.0
1,1,-1,1,-1,0,0,-1,1:-1.0
0,-1,-1,1,1,0,-1,1,1:-0.6
0,0,-1,1,1,1,-1,1,-1:1.0
-1,1,0,1,0,-1,1,1,-1:-1.0
0,1,1,-1,1,-1,-1,1,0:1.0
0,0,-1,0,1,-1,0,1,1:1.0
0,1,0,0,0,-1,1,-1,1:0.0
0,0,0,1,1,0,-1,-1,1:1.0
0,-1,0,0,1,-1,1,1,0:0.7777777777777777
0,0,1,0,0,1,1,-1,-1:-1.0
0,1,1,-1,0,0,1,-1,0:1.0
0,1,1,-1,-1,1,-1,0,1:1.0
-1,0,1,1,0,-1,1,0,0:0.0
-1,0,0,1,0,-1,1,0,1:0.15
0,-1,0,1,-1,-1,1,1,1:1.0
0,0,-1,-1,1,-1,1,1,1:1.0
0,1,0,1,-1,0,1,-1,0:0.0
0,1,0,1,-1,1,0,0,-1:-1.0
0,1,0,1,-1,1,1,-1,-1:-1.0
1,1,1,0,-1,-1,-1,1,0:1.0
0,0,0,-1,-1,1,0,1,1:0.3333333333333333
1,1,1,0,0,-1,-1,1,-1:1.0
0,-1,1,0,-1,0,1,1,0:0.27272727272727276
0,0,-1,1,0,1,-1,0,1:-0.3333333333333333
-1,0,-1,1,1,1,-1,0,1:1.0
0,0,1,1,-1,-1,1,1,-1:-1.0
1,0,1,-1,0,-1,0,1,0:-1.0
0,0,0,-1,1,-1,0,1,1:1.0
0,-1,1,0,-1,1,1,1,-1:-0.5
0,-1,0,-1,1,1,0,1,0:-1.0
0,1,0,1,-1,-1,1,1,-1:-1.0
0,-1,0,0,1,0,1,-1,1:0.0
0,1,0,1,-1,-1,1,0,0:0.0
-1,0,0,0,1,-1,0,1,1:0.9230769230769231
0,-1,0,1,0,-1,0,1,1:0.0
0,-1,0,1,0,-1,1,1,0:1.0
0,0,-1,0,1,1,-1,0,1:0.42857142857142855
0,-1,0,-1,1,0,0,1,1:0.7777777777777778
1,-1,0,-1,1,-1,0,1,1:1.0
-1,-1,0,0,1,-1,1,1,1:1.0
0,0,1,-1,0,0,1,0,0:0.0
0,1,1,0,-1,1,-1,-1,1:1.0
0,1,-1,-1,0,0,0,1,1:1.0
0,-1,1,-1,0,1,0,0,1:1.0
-1,-1,1,0,0,-1,1,1,1:1.0
0,0,1,1,0,-1,1,-1,0:1.0
0,-1,1,1,0,-1,-1,1,1:0.0
-1,1,1,-1,0,1,1,-1,0:1.0
0,1,0,0,1,-1,0,-1,1:0.0
0,1,0,1,-1,0,1,0,-1:-1.0
-1,0,0,1,1,-1,1,1,-1:-1.0
1,1,0,-1,0,1,0,-1,0:0.0
0,-1,1,1,0,0,0,-1,1:-1.0
0,-1,0,1,1,1,-1,0,0:1.0
0,-1,1,0,-1,1,0,1,0:0.0
1,-1,1,1,0,0,-1,1,-1:0.0
0,0,1,-1,0,0,1,-1,1:-1.0
0,1,1,-1,0,-1,1,-1,1:-1.0
1,0,1,-1,-1,1,0,1,-1:0.5
0,1,1,-1,-1,1,0,1,-1:-1.0
0,-1,1,-1,1,0,1,0,0:1.0
0,1,-1,0,0,0,1,-1,1:0.0
0,0,1,-1,0,-1,1,1,0:-1.0
0,-1,0,1,0,1,1,-1,0:-1.0
-1,-1,1,1,0,1,1,-1,0:-1.0
0,-1,0,-1,1,0,1,0,1:1.0
-1,0,1,1,0,-1,1,1,-1:-1.0
0,1,1,0,-1,1,-1,0,0:1.0
-1,-1,0,1,1,-1,1,0,1:-1.0
0,0,-1,0,0,1,1,-1,1:-0.6666666666666667
0,1,-1,1,0,1,-1,0,0:0.0
0,0,0,-1,1,-1,1,1,0:1.0
0,1,0,0,0,0,-1,1,0:0.0
0,1,1,1,0,-1,-1,1,-1:1.0
-1,0,1,0,0,0,1,1,-1:1.0
-1,-1,0,1,1,1,1,0,-1:1.0
0,-1,1,0,1,1,-1,-1,1:1.0
0,-1,-1,1,1,-1,1,1,0:-1.0
-1,1,1,0,1,-1,1,0,-1:1.0
1,1,1,-1,-1,1,0,-1,0:1.0
0,1,0,1,0,1,-1,0,-1:1.0
1,1,0,-1,0,0,-1,0,1:1.0
1,1,1,0,0,-1,1,-1,-1:1.0
0,-1,1,0,0,1,0,-1,1:1.0
0,0,0,0,0,1,1,-1,0:0.0
0,-1,0,-1,1,-1,1,1,1:1.0
0,-1,1,-1,1,1,-1,0,1:1.0
0,1,-1,0,1,-1,-1,1,1:1.0
0,1,-1,-1,1,1,-1,1,0:1.0
1,0,0,0,0,1,-1,-1,1:-1.0
0,-1,0,0,1,-1,0,1,1:1.0
0,1,1,-1,0,-1,0,1,0:-1.0
